0.33333334,0.33333334,0.0,0.5322187,0.0,0.221014
0.3471173,0.18181819,0.033397775,0.43229267,0.0,0.09794241
0.18971297,0.0,0.017892217,0.29993474,0.0,0.22392187
0.181152,0.0,0.12518866,0.2069705,0.0,0.12694947
0.24519679,0.0,0.020039199,0.29693708,0.0,0.21069296
0.35326517,0.13333334,0.092439406,0.33582583,0.0,0.13203575
0.64,0.61538464,0.8573061,0.6982417,0.5097529,0.44350982
0.5217391,0.5,0.20011999,0.57903415,0.0,0.5879401
0.5833333,0.66547096,0.15630274,0.62426066,0.0,0.99890244
0.45962363,0.47058824,0.120189264,0.6274113,0.0,0.57392895
0.64,0.5714286,1.6308925,0.6453694,0.54455155,0.99956554
0.15372781,0.0,0.0,0.1817623,0.0,0.15823464
0.16666667,0.06721694,0.0,0.065607056,0.0,0.20770323
0.25,0.18181819,0.031310543,0.41119456,0.0,0.10629916
0.12312853,0.0,0.0,0.291523,0.0,0.17391582
0.62901723,0.36363637,0.3420549,0.46369246,0.0,0.3676702
0.3478261,0.33333334,0.029468855,0.5172804,0.0,0.1589136
0.3448276,0.375,0.09523356,0.40705982,0.0,0.7686957
0.4386066,0.0,0.023115147,0.28044188,0.0,0.27519956
0.5165946,0.33333334,0.26691553,0.6149992,0.1775974,0.45608017
0.61614096,0.72727275,0.06666222,0.71883154,0.20582438,0.11813979
0.6047335,0.61538464,0.0,0.6335359,0.2596536,0.7161675
0.44569784,0.2,0.35444608,0.32989797,0.0,0.17954776
0.8,0.7692308,2.694737,0.79172826,0.49301684,0.99977326
0.73424315,0.8333333,0.32395282,0.84461194,0.26073396,0.16069601
0.6363636,0.625,0.19236982,0.6666667,0.0,0.24658154
0.64417213,0.7692308,0.41804624,0.8154256,0.0,0.14203595
0.24018413,0.0,0.026367033,0.24784614,0.0,0.34726906
0.38749763,0.0,0.032727517,0.31369764,0.0,0.10314243
0.36363637,0.5714286,0.033397775,0.71645474,0.0,0.66840374
0.48,0.5,0.19998667,0.6599705,0.32272592,0.6615319
0.3478261,0.0,0.027831787,0.22446811,0.0,0.5195248
0.7619048,0.85714287,0.41676387,0.75,0.5085816,0.04412545
0.48888305,0.71428573,0.2666489,0.74489385,0.0,0.8686724
0.121022515,0.0,0.0,0.133931,0.0,0.02841857
0.5123296,0.2,0.18198346,0.28939047,0.0,0.15401815
0.45454547,0.6666667,0.0,0.55672175,0.0,0.45039544
0.26086956,0.2,0.0,0.26742864,0.0,0.4918537
0.1904762,0.068360835,0.033397775,0.14363112,0.0,0.512506
0.41371983,0.5,0.10005999,0.46751788,0.0,0.27488917
0.31467023,0.2,0.0,0.3221131,0.0,0.12746084
0.40025395,0.54545456,0.0,0.66381145,0.0,0.6010679
0.5763295,0.5,0.2666489,0.6305477,0.30341196,0.40149966
0.3247467,0.0,0.12272721,0.19133992,0.0,0.14499953
0.2551711,0.0,0.08349536,0.11633358,0.0,0.19968043
0.44444445,0.61538464,0.06277198,0.68587565,0.0,0.17374705
0.64,0.6666667,0.22602761,0.7521891,0.0,0.58695894
0.53846157,0.5,0.062496092,0.5630491,0.23007554,0.28424874
0.08695652,0.0,0.0,0.08630587,0.0,0.022342276
0.1904762,0.0,0.0,0.34984306,0.0,0.14627518
0.2737189,0.2219116,0.032277066,0.29732105,0.0,0.19251035
0.11111111,0.2,0.0,0.12051689,0.0,0.018344512
0.16666667,0.16666667,0.0,0.27445424,0.0,0.27610326
0.11764706,0.0,0.0,0.23824763,0.0,0.13057832
0.16581596,0.0,0.021620857,0.13833195,0.0,0.17770775
0.75,0.75,0.49991667,0.75,0.6221959,1.0
0.1,0.0,0.0,0.028694868,0.0,0.018821929
0.2,0.0,0.0,0.3300515,0.0,0.5961376
0.11111111,0.0,0.0,0.19475247,0.0,0.22964993
0.20638457,0.0,0.0,0.33224007,0.0,0.17516026
0.31672132,0.0,0.118085526,0.14942278,0.0,0
0.22433159,0.0,0.04024105,0.41043293,0.0,0.21727523
0.15384616,0.0,0.0,0.0,0,0
0.5951206,0.6477207,0.42865306,0.72440386,0.0,0.2271143
0.19044106,0.07162768,0.0,0.36617312,0.0,0.07533399
0.4,0.46153846,0.025048748,0.5486507,0.0,0.3304231
0.25,0.0,0.026367033,0.0465035,0.0,0.088705085
0.13564721,0.0,0.0,0.2599172,0.0,0.30777895
0.15692613,0.0,0.0,0.29111794,0.0,0.07484316
0.33333334,0.36363637,0.0,0.55038923,0.0,0.04409961
0.375,0.33281705,0.15008499,0.4674434,0.0,0.050282665
0.3083269,0.0,0.029468855,0.25502858,0.0,0.5878715
0.22222222,0.0,0.041697875,0.10543515,0.0,0.6890167
0.26092258,0.0,0.0,0.3758481,0.0,0.10525627
0.16374643,0.0,0.0,0.41358584,0.0,0.06070687
0.11764706,0.0,0.0,0.07835972,0.0,0
0.22488385,0.0,0.035999943,0.20956047,0.0,0.14025204
0.31536084,0.18181819,0.0,0.337383,0.0,0.1092251
0.16666667,0.14285715,0.0,0.2529182,0.0,0.2435712
0.23076923,0.0,0.0,0.16650684,0.0,0.11220297
0.13333334,0.0,0.0,0.039482463,0.0,0.10920204
0.2596604,0.0,0.0,0.34573594,0.0,0.038572
0.19354838,0.0,0.0,0.27382728,0.0,0.29772478
0.31320393,0.0,0.0,0.49858668,0.0,0.14484859
0.0952381,0.0,0.0,0.29464614,0.0,0.1773559
0.15682986,0.080639824,0.0,0.32101488,0.0,0.15098017
0.11082724,0.0,0.0,0.3889013,0.0,0.1260426
0.31578946,0.0,0.0,0.11512797,0.0,0.16115873
0.11111111,0.0,0.0,0.2916997,0.0,0.10011884
0.2,0.0,0.031310543,0.18424098,0.0,0.13890268
0.23298672,0.0,0.0,0.2046399,0.0,0.087032996
0.10880215,0.0,0.0,0.22679046,0.0,0.30066118
0.4003067,0.5,0.15841849,0.4197888,0.0,0.9475973
0.24221388,0.082816295,0.026367033,0.28199592,0.0,0.11451883
0.5,0.36363637,0.27785802,0.5633803,0.0,0.5590994
0.31578946,0.0,0.045137346,0.10682334,0.0,0.065505505
0.10526316,0.0,0.0,0.08871207,0.0,0.022563603
0.44444445,0.36363637,0.22219753,0.41011336,0.0,0.96252966
0.6086956,0.6666667,0.19236982,0.6705796,0.24384183,0.96589947
0.47619048,0.42857143,0.45450413,0.5781012,0.0,0.29727966
0.15387745,0.0,0.0,0.20096672,0.0,0.049476057
0.18181819,0.0,0.0,0.21517007,0.0,0.30221227
0.5555556,0.5127656,0.06666222,0.41018605,0.0,0.053594425
0.6666667,0.8,0.58340275,0.77805376,0.0,0.99765736
0.6363636,0.61538464,0.30513844,0.4837031,0.0,0.16591914
0.7359509,0.6666667,0.033397775,0.7514604,0.0,0.37313098
0.47619048,0.4,0.19244674,0.39761764,0.0,0.5409355
0.3239932,0.0,0.23638438,0.27859062,0.0,0.30245173
0.5,0.30769232,0.12511718,0.4966438,0.0,0.3382214
0.3478261,0.15384616,0.0,0.36136234,0.0,0.2913064
0.29531556,0.0,0.023856007,0.36191878,0.0,0.17467001
0.47619048,0.8888889,0.06666222,0.65670943,0.0,0.8723885
0.083333336,0.0,0.0,0.11046986,0.0,0.17242023
0.3478261,0.30769232,0.08338425,0.38180035,0.0,0.38495573
0.7368421,0.6666667,0.42851022,0.63359916,0.30353373,0.27282372
0.23480597,0.0,0.031929456,0.3501612,0.0,0.26547167
0.5217391,0.54545456,0.061047047,0.56531435,0.0,0.4415592
0.5263158,0.54545456,0.08332639,0.56843454,0.0,0.998912
0.14285715,0.0,0.021781662,0.1382643,0.0,0.05928802
0.66942513,0.61538464,0.29329297,0.70586604,0.37601948,0.062050067
0.643678,0.61538464,0.27073368,0.6822921,0.36579147,0.062050067
0.5,0.4,0.0,0.60026884,0.0,0.604776
0.46476054,0.4,0.0,0.570525,0.0,0.64174783
0.44444445,0.5,0.08332639,0.33808315,0.0,0.2567211
0.5344746,0.44444445,0.07691716,0.5776208,0.0,0.5361928
0.6067142,0.36363637,0.24997917,0.45905814,0.3986208,0.32684913
0.47619048,0.30769232,0.13332444,0.35400152,0.0,0.68657786
0.18350802,0.0,0.02897934,0.25079924,0.0,0.053488873
0.48575813,0.5714286,0.13332444,0.58932346,0.0,0.77412194
0.5589383,0.6666667,0.2793869,0.79499525,0.0,0.9532519
0.18181819,0.33333334,0.0,0.47088102,0.0,0.92820174
0.36555082,0.2857143,0.11775778,0.49327704,0.0,0.081303045
0.45454547,0.16666667,0.17055431,0.2652408,0.0,0.99441504
0.47058824,0.5,0.0,0.5,0.0,0.35652333
0.8333333,0.75,0.9995003,0.8,0.57091385,0
0.09090909,0.0,0.0,0.26130357,0.0,0.08646446
0.074074075,0.0,0.0,0.14732735,0.0,0.09023096
0.61538464,0.6315789,0.47646597,0.67818546,0.37652555,0.9304054
0.3809524,0.2857143,0.10720663,0.4607893,0.0,0.936532
0.22878607,0.0,0.035023365,0.35046625,0.0,0.18962605
0.34678623,0.25857657,0.09578119,0.41740072,0.0,0.7022647
0.7368421,0.61538464,1.3749063,0.6329395,0.38549757,0.9992904
0.53513527,0.2,0.3334868,0.40029427,0.0,0.3934455
0.5925926,0.54545456,0.25014582,0.62793106,0.21142142,0.006419135
0.14814815,0.24072424,0.04761678,0.18376276,0.0,0.47876135
0.35525072,0.0,0.0,0.07343892,0.0,0.0065096784
0.64345866,0.75,0.33330557,0.88049275,0.2490535,0.78816307
0.6286492,0.26666668,0.15383431,0.5759818,0.2523657,0.20455767
0.54545456,0.46153846,0.055552468,0.53572816,0.2346235,0.8242984
0.23571864,0.040628847,0.06195791,0.18413556,0.0,0.074478835
0.23076923,0.053637963,0.0,0.20140442,0.0,0.14410177
0.30769232,0.26666668,0.025048748,0.3713619,0.0,0.29284954
0.28112745,0.0,0.0,0.3038663,0.0,0.12943608
0.17778838,0.0,0.0,0.1621407,0.0,0.11702612
0.2172726,0.0,0.031624336,0.39835337,0.0,0
0.3,0.2,0.038535498,0.5511731,0.0,0.20658496
0.16666667,0.0,0.0,0.21632484,0.0,0.41105333
0.17391305,0.0,0.033397775,0.24268867,0.0,0.36187845
0.4347826,0.33333334,0.13332444,0.57859075,0.0,0.25637102
0.23338377,0.0,0.031310543,0.23921214,0.0,0.16104783
0.16666667,0.058113452,0.0,0.07144456,0.0,0.17199372
0.10526316,0.0,0.0,0.0,0.0,0
0.19765604,0.0,0.027831787,0.096958786,0.0,0.090564586
0.26086956,0.0,0.025048748,0.22928052,0.0,0.038029958
0.30769232,0.081383646,0.033186857,0.11650404,0.0,0.17885177
0.24811935,0.0,0.0,0.36861715,0.0,0.071988516
0.31982428,0.18181819,0.0,0.48900008,0.0,0.22695228
0.6294708,0.36363637,0.16008323,0.5427482,0.0,0.2108813
0.2,0.0,0.038535498,0.14288305,0.0,0.31753626
0.31852898,0.0,0.027831787,0.2680314,0.0,0.07832369
0.47722256,0.4,0.23075148,0.5203581,0.32537594,0
0.7669292,0.71428573,0.8127734,0.7644358,0.43711686,0.32207263
0.30936095,0.0,0.0,0.28672558,0.0,0.30540907
0.53333336,0.75,0.14283673,0.8,0.0,0
0.10881281,0.0,0.0,0.15991503,0.0,0.24092472
0.1458377,0.0,0.0,0.2046566,0.0,0.16222504
0.47058824,0.44444445,0.09090082,0.4,0.0,0.29192242
0.11796327,0.0,0.0,0.26349607,0.0,0.23108676
0.7826087,0.61538464,1.1668055,0.74638504,0.55386734,0.14352772
0.3529412,0.2,0.04174652,0.58360964,0.0,0.5103225
0.4064761,0.22222222,0.15008499,0.42328343,0.0,0.31149894
0.6363636,0.6,0.19998,0.759065,0.38606572,0.18303137
0.5,0.44444445,0.050094992,0.58928573,0.0,0.14898252
0.2706993,0.25164133,0.0,0.13351919,0.0,0.13560222
0.26356333,0.0,0.018554868,0.1832472,0.0,0.23217787
0.14285715,0.0,0.0,0.04571613,0.0,0.053501684
0.57935345,0.5,0.18760155,0.6545744,0.0,0.21322344
0.35714287,0.0,0.05893771,0.21091153,0.0,0.08879051
0.42857143,0.44444445,0.11109877,0.4253473,0.0,0.99949175
0.42857143,0.2857143,0.08348609,0.30734068,0.0,0.3081947
0.3885794,0.0,0.029468855,0.3064135,0.0,0.05905222
0.083333336,0.0,0.0,0.29454994,0.0,0.16218278
0.3809524,0.0,0.029468855,0.05439766,0.0,0.3525707
0.49975997,0.06602139,0.09108263,0.4158313,0.0,0.17134549
0.31988075,0.33333334,0.06596817,0.5665176,0.0,0
0.30919826,0.0,0.033397775,0.123103164,0.0,0.0104939835
0.2615132,0.14285715,0.021781662,0.27910244,0.0,0.5226485
0.31578946,0.22222222,0.07691716,0.66540647,0.0,0.046735186
0.5714286,0.54545456,0.16675925,0.58728987,0.39947286,0.43183124
0.39114395,0.0,0.10602018,0.28652698,0.0,0.29744208
0.27272728,0.0,0.0,0.16131295,0.0,0.041294757
0.6666667,0.5,0.41663194,0.63041997,0.47281945,0.9488823
0.24462819,0.056362007,0.0,0.28360328,0.0,0.2289756
0.33333334,0.416475,0.14298978,0.3481568,0.0,0.48431638
0.61405,0.54545456,0.23338445,0.7349006,0.0,0.7115142
0.6992624,0.42857143,0.17938264,0.56364965,0.23715577,0.103872694
0.5833333,0.5,0.28569388,0.7017093,0.24665646,0.28771088
0.5217391,0.8,0.10720663,0.6785216,0.0,0.8526484
0.5555556,0.4,0.100189984,0.5596233,0.3414025,0.80262494
0.6086956,0.54545456,0.16672222,0.6774728,0.0,0.71034366
0.5882353,0.54545456,0.28595915,0.63049936,0.0,0.27479196
0.4,0.44444445,0.0,0.45,0.0,0.28610083
0.5,0.44444445,0.1666389,0.45,0.0,0.479486
0.18181819,0.0,0.031310543,0.09479876,0.0,0.077047326
0.42105263,0.0,0.0,0.225,0.0,0.048529472
0.17633438,0.0,0.0,0.42267942,0.0,0.36764607
0.33333334,0.36363637,0.0,0.25848433,0.0,0.2457508
0.22222222,0.25,0.0,0.2718646,0.0,0.21557793
0.57148206,0.67073894,0.450055,0.77001053,0.0,0.6685172
0.36000928,0.26666668,0.06262109,0.47132823,0.0,0.10837459
0.6666667,0.6088506,0.39479536,0.5330505,0.0,0.96314377
0.55814993,0.42857143,0.3636033,0.4766875,0.0,0.9998707
0.3846154,0.5,0.06015504,0.5948276,0.0,0.8524603
0.53333336,0.6,0.28567347,0.65866375,0.0,0.047990806
0.125,0.0,0.0,0.10949321,0.0,0.1534509
0.4636711,0.44444445,0.19998,0.45637536,0.0,0.05981868
0.7619048,0.8888889,0.3332963,0.8723646,0.0,0.44880044
0.6956522,0.6666667,0.20856595,0.69352627,0.5381926,0.5969284
0.5555556,0.54545456,0.12507291,0.65343344,0.0,0.52739495
0.5320089,0.5714286,0.4048625,0.8038309,0.0,0.15915996
0.71720827,0.33333334,0.25844643,0.7315247,0.0,0.08366725
0.5,0.4,0.054933283,0.4416013,0.0,0.034528464
0.6666667,0.6666667,0.545405,0.7574446,0.46726507,0.97252405
0.6666667,0.6,0.6665556,0.6,0.31559846,0
0.31516042,0.0,0.06679555,0.27079275,0.0,0.073920995
0.6956522,0.54545456,0.09108263,0.7202755,0.2914068,0.12336527
0.42857143,0.85714287,0.51077914,0.675,0.0,0.6395506
0.6315789,0.54545456,0.50005555,0.5889141,0.0,0.97447515
0.1,0.0,0.0,0.26612687,0.0,0.21534197
0.609182,0.5555556,0.50014997,0.7299066,0.0,0.058937475
0.42105263,0.4,0.18180165,0.4119298,0.31156993,0.14152412
0.42105263,0.22222222,0.15008499,0.25647348,0.0,0.19019948
0.6363636,0.4,0.27785802,0.41666666,0.0,0.31181875
0.45094484,0.42857143,0.055663574,0.623619,0.0,0.2903934
0.42039472,0.4,0.263021,0.4923245,0.0,0.23331755
0.5294738,0.5,0.2917257,0.6356132,0.2317704,0.6033442
0.5925926,0.6666667,0.6111543,0.75268215,0.28246745,0.9974853
0.5263158,0.6666667,0.57134694,0.74855566,0.41699824,0.99902755
0.5426365,0.6666667,0.15008499,0.75053966,0.0,0.9988546
