0.59954286,0.72727275,0.49822506,0.84466743,0.0,0.5599317
0.5,0.36363637,0.06262109,0.58387464,0.0,0.28162566
0.25967848,0.15384616,0.0,0.5459309,0.0,0.30623075
0.5925926,0.6666667,0.105257615,0.7447541,0.0,0.3750281
0.54128367,0.6666667,0.0,0.7168969,0.0,0.22190079
0.35691413,0.0,0.08349304,0.21913932,0.0,0.13231248
0.6429088,0.64174646,0.5051543,0.74174416,0.2332837,0.6240495
0.54545456,0.44444445,0.07691716,0.23861688,0.0,0.44306323
0.55172414,0.4,0.06822417,0.46350107,0.0,0.99995434
0.625,0.6666667,0.50009996,0.6830594,0.0,0.119883806
0.72727275,0.72727275,0.50005555,0.7952067,0.0,0.16645816
0.3295752,0.42944372,0.06283453,0.5289719,0.0,0.13217115
0.5833333,0.6666667,0.15630274,0.65087724,0.0,0.4897548
0.57260257,0.4,0.26611468,0.59687406,0.0,0.16060019
0.95652175,0.9230769,4.497751,0.9285714,0.83430666,1.0
0.75,0.7692308,0.49995,0.8638508,0.32957432,0.8677069
0.5,0.46153846,0.07142347,0.63312024,0.0,0.23109631
0.52827835,0.36363637,0.07719033,0.56012815,0.0,0.24087746
0.5,0.36363637,0.06666222,0.61795694,0.0,0.4030702
0.62038773,0.5,0.550045,0.5570621,0.32857022,0.24637051
0.5833333,0.46153846,0.16137865,0.59076166,0.0,0.9490558
0.64,0.8333333,0.29256797,0.70647,0.0,1.0
0.61538464,0.5,0.033397775,0.6268177,0.19495904,0.17982684
0.8181818,0.8,3.498251,0.8333333,0.4000239,0.991854
0.5185185,0.33333334,0.26540208,0.43613163,0.0,0.3483521
0.47619048,0.54545456,0.07156631,0.6146551,0.0,0.4639187
0.8888889,0.8,7501.0,0.8,0.7825423,1.0
0.3809524,0.46153846,0.14284694,0.52502537,0.0,0.079243965
0.6962853,0.53333336,0.7779136,0.5877663,0.24511611,0.56332403
0.6666667,0.72727275,0.19998,0.67241436,0.0,0.9214417
0.625,0.4,0.28595915,0.5267634,0.35624138,0.98031694
0.5714286,0.71428573,0.062496092,0.7451323,0.0,0.9407105
0.5986297,0.42857143,0.025048748,0.5685223,0.0,0.53796023
0.4977003,0.36363637,0.124992184,0.5091211,0.0,0.33142683
0.5,0.72727275,0.19998,0.748565,0.0,0.9892114
0.51302904,0.36363637,0.27288428,0.4786859,0.0,0.35088605
0.7368421,0.61538464,1.8493104,0.6863092,0.5738793,0.48804352
0.61538464,0.6666667,0.14298978,0.64134526,0.0,0.7785724
0.39693868,0.18181819,0.035783157,0.38686243,0.0,0.1741866
0.6450341,0.46153846,0.11775778,0.6411175,0.0,0.576148
0.8695652,0.8333333,3.498251,0.85714287,0.7844035,0.8954898
0.8130508,0.72874576,1.20016,0.7918126,0.6138289,0.6145258
0.7407407,0.6,0.28569388,0.6130554,0.50326943,0.5896078
0.7202465,0.4401199,0.5002083,0.76085067,0.28495577,0.96634376
0.5555556,0.4,0.24997917,0.47684923,0.26003927,0.16438659
0.6,0.6666667,0.115452655,0.50546885,0.0,0.5834521
0.7751117,0.8,0.55571604,0.7590063,0.3354058,0.3220509
0.5217391,0.5714286,0.24997917,0.6477731,0.0,0.4291167
0.72727275,0.6666667,0.62492186,0.6650522,0.5900469,0.97447103
0.6666667,0.6666667,0.62517184,0.70698893,0.0,0.26330522
0.6042949,0.54545456,0.50034994,0.6905423,0.0,0.83286136
0.45454547,0.33333334,0.19329222,0.4438844,0.0,0.6297239
0.46581548,0.2857143,0.08338425,0.4619794,0.0,0.12626232
0.47619048,0.44444445,0.35752034,0.62158704,0.0,0.16533588
0.45454547,0.4,0.15383431,0.7667732,0.0,0.9038421
0.6923077,0.85714287,0.8748906,0.7594768,0.49455717,0.9612961
0.6956522,0.8,0.2727025,0.6857143,0.47225347,0.995369
0.8181818,0.8,1.1997601,0.8751221,0.5900469,1.0
0.33333334,0.25,0.0,0.651985,0.0,0.5929106
0.5882353,0.72727275,0.3572347,0.55,0.35624138,0.31776208
0.61740464,0.5,0.28595915,0.7387781,0.0,0.22968376
0.6363636,0.8888889,0.0,0.7912976,0.53536475,1.0
0.38921234,0.36363637,0.038535498,0.4720362,0.0,0.15935305
0.56,0.5714286,0.09380664,0.728449,0.0,0.3349719
0.46153846,0.75,0.1666389,0.5,0.0,0.81140095
0.6956522,0.7692308,0.3636033,0.8128204,0.0,0.0556255
0.7692308,0.54545456,1.0838194,0.8338171,0.23551448,0.28552788
0.6290559,0.61538464,0.45326886,0.83913326,0.0,0.33172658
0.84615386,0.8333333,0.49995,0.8654553,0.38270617,0.42745125
0.5710028,0.46153846,0.091245234,0.49533463,0.0,0.1514543
0.4336438,0.46153846,0.0,0.59094113,0.0,0.18664391
0.76999664,0.5,0.466682,0.62295306,0.3632781,0.23573509
0.53846157,0.42857143,0.1718294,0.49735868,0.21653295,0.81837857
0.48456073,0.30769232,0.32679278,0.41498888,0.0,0.62392956
0.5967697,0.33333334,0.22241972,0.5087481,0.0,0.37380153
0.5687368,0.2857143,0.36913773,0.57372624,0.0,0.37604585
0.6,0.6666667,0.15383431,0.8746123,0.0,0.91152996
0.625,0.6666667,0.28567347,0.5,0.0,0.8936714
0.5217391,0.6666667,0.2083993,0.75049156,0.0,0.9998064
0.53333336,0.6666667,0.055660482,0.5751027,0.0,0.3049838
0.7,0.7692308,0.29997,0.8730235,0.33450508,0.72884125
0.44444445,0.33333334,0.28622338,0.61195415,0.0,0.16270237
0.3809524,0.54545456,0.06666222,0.5224469,0.0,0.17880379
0.6363636,0.6666667,0.62504685,0.8181818,0.28967637,0.15468203
0.6956522,0.5714286,0.0,0.48776153,0.0,0.77550775
0.8378383,0.90909094,1.1997601,0.79706675,0.5104809,0.8780312
0.5714286,0.5,0.15383431,0.57116526,0.0,0.44550216
0.49147052,0.5,0.23075148,0.6769693,0.0,0.34809223
0.7416508,0.5,0.64290816,0.6377203,0.3073232,0.41980922
0.6882977,0.6,0.27176625,0.6602722,0.24614002,0.38914895
0.6315789,0.54545456,0.29997,0.67220473,0.0,0.11099153
0.5217391,0.54545456,0.16672222,0.47373798,0.0,0.44861767
0.9166667,0.90909094,3.998001,0.85714287,0.77640986,0.78549683
0.39798447,0.5,0.06666222,0.5716693,0.0,0.490964
0.59440273,0.71428573,0.550045,0.5827185,0.0,0.051824473
0.4,0.46153846,0.12791839,0.3558296,0.0,0.8300099
0.5,0.5714286,0.03713211,0.61521274,0.0,0.9440355
0.5995146,0.5714286,0.27785802,0.72142977,0.31960046,0.9863873
0.7,0.7692308,0.7141837,0.80058604,0.3364856,0.36975652
0.46203393,0.33333334,0.15028498,0.50118506,0.0,0.36657602
0.85714287,0.85714287,1.4165972,0.8263889,0.0,1.0
0.54540867,0.42857143,0.11707379,0.65459573,0.20507182,0.34056714
0.6316189,0.6666667,0.071060844,0.8822394,0.0,0.6342272
0.34108284,0.16666667,0.0,0.40456697,0.0,0.40395334
0.33333334,0.30769232,0.09380664,0.4698298,0.0,0.32863268
0.6315789,0.6,0.16665278,0.6723546,0.0,0.2657127
0.6086956,0.72727275,0.026367033,0.7706237,0.0,0.9175771
0.44444445,0.33333334,0.09090082,0.45664215,0.0,0.98540986
0.6583044,0.5714286,0.33330557,0.6789174,0.0,0.20500474
0.7058824,0.6167109,0.2503437,0.79311126,0.0,0.7661617
0.5555556,0.6,0.3332963,0.711533,0.0,0.28389186
0.3809524,0.4,0.115452655,0.5294839,0.0,0.3760137
0.45454547,0.33333334,0.04174652,0.30952382,0.0,0.023910616
0.61538464,0.643245,0.5000455,0.70903456,0.33002093,0.9905817
0.39152446,0.26666668,0.037035666,0.49825448,0.0,0.1097836
0.46164522,0.2857143,0.023856007,0.49707952,0.0,0.5607368
0.5,0.5,0.0,0.48036632,0.0,0.4625114
0.7397837,0.7368421,0.90919006,0.8397328,0.37342784,1.0
0.4979584,0.44444445,0.0,0.42517346,0.0,0.95126796
0.49317408,0.2,0.12507291,0.33654985,0.0,0.12962548
0.3809524,0.4,0.0,0.45622826,0.0,0.64534074
0.6363636,0.5,0.44439507,0.72356397,0.0,0.5169698
0.626768,0.54545456,0.25008777,0.6302087,0.0,0.22828528
0.5,0.54545456,0.07142347,0.51428574,0.0,0.12341171
0.7,0.6666667,0.3332963,0.696982,0.0,0.9544796
0.7,0.54545456,0.58373606,0.4332564,0.0,0.43695703
0.6666667,0.5714286,0.74990624,0.62694746,0.4657451,0.97584575
0.43312725,0.5,0.07691716,0.6032722,0.0,0.9996855
0.64285713,0.6,0.6818471,0.6403401,0.50454926,0.95766026
0.6666667,0.7058824,0.46110258,0.6708012,0.0,0.91110444
0.48,0.61538464,0.11775778,0.5860933,0.0,0.75931615
0.61538464,0.75,0.16697218,0.75,0.0,0.48351827
0.6666667,0.54545456,0.6481984,0.5592588,0.412407,0.15955971
0.56,0.7692308,0.21427041,0.6969612,0.24087662,0.6246737
0.5,0.5714286,0.027831787,0.5431863,0.0,0.26726997
0.5825128,0.59701794,0.31254297,0.67359114,0.12366934,0.42329398
0.4,0.61538464,0.22734296,0.6135704,0.0,0.57308614
0.45454547,0.5,0.29991373,0.49367154,0.0,0.7277988
0.72,0.6,0.6113765,0.6215467,0.36194116,0.96878785
0.6363636,0.53333336,0.55549383,0.6704045,0.2818394,0.14107536
0.7008656,0.5,0.35456872,0.4956846,0.0,0.26036182
0.5,0.71428573,0.16672222,0.56330115,0.0,0.968416
0.5714286,0.8333333,0.19236982,0.6366663,0.0,0.97268045
0.47058824,0.5,0.22219753,0.30952382,0.0,0.96780825
0.3529412,0.4,0.100189984,0.37249142,0.0,0.11054467
0.42857143,0.75,0.0,0.6162031,0.0,0.585223
0.57087034,0.4,0.0,0.3446177,0.0,0.25160718
0.5263158,0.6,0.25021872,0.6390687,0.0,0.64624155
0.6090166,0.72727275,0.36378512,0.8583291,0.0,0.949588
0.46564394,0.33333334,0.08664596,0.57489824,0.0,0.109751135
0.64285713,0.54545456,0.617501,0.5714286,0.34400848,0.13278289
0.72727275,0.72727275,0.3182438,0.80391026,0.0,0.9983837
0.6666667,0.8,0.42851022,0.6857143,0.0,1.0
0.30769232,0.5714286,0.0,0.45008963,0.0,0.083344124
0.39537868,0.2801477,0.069692925,0.45747113,0.0,0.21676227
0.6,0.61862504,0.16665278,0.47118703,0.41699824,0.97777545
0.54671013,0.6,0.13332444,0.585077,0.0,0.2801253
0.625,0.6,0.08332639,0.82004136,0.0,0.6792923
0.5,0.33333334,0.12507291,0.56924874,0.0,0.5013809
0.72727275,0.6666667,0.16675925,0.73333335,0.34478837,0.5654507
0.6913937,0.44444445,0.19236982,0.7531609,0.0,0.29904222
0.5,0.6666667,0.3182438,0.61594576,0.26556766,0.29130983
0.53695303,0.33333334,0.06262109,0.7499975,0.0,0.2844077
0.85714287,0.8333333,0.7141837,0.7915768,0.64402723,0.14025605
0.6666667,0.46153846,0.269287,0.4713742,0.5097529,0.585435
0.6534605,0.46153846,0.25938663,0.7166498,0.0,0.9308423
0.72171867,0.5,0.39304334,0.6010983,0.27212977,0.28513396
0.7481063,0.6666667,1.4998333,0.76377314,0.52729625,0.82941663
0.36363637,0.54545456,0.035783157,0.57498544,0.0,0.37212422
0.4347826,0.5,0.22734296,0.5379305,0.0,0.21734379
0.4347826,0.54545456,0.07156631,0.52460474,0.0,0.40106258
0.5217391,0.61538464,0.2917257,0.654473,0.0,0.8648844
0.47058824,0.75,0.055660482,0.6971545,0.0,0.10531339
0.5625,0.6666667,0.2612725,0.67614937,0.0,0.99991655
0.7692308,0.75,0.41085437,0.7947418,0.61558557,0.9996874
0.5217391,0.72727275,0.25007498,0.8246318,0.26353312,0.6399884
0.5347925,0.46153846,0.0499975,0.61391157,0.0,0.72894585
0.71428573,0.85714287,1.4992504,0.8890371,0.0,1.0
0.49847054,0.46153846,0.29421797,0.66051495,0.18818328,0.5952999
0.64,0.5,0.15087348,0.7154467,0.32559642,0.38612247
0.44444445,0.44444445,0.16675925,0.24651267,0.0,0.25366765
0.42857143,0.36363637,0.062617175,0.41666666,0.0,0.32152793
0.53333336,0.6666667,0.11109877,0.6482476,0.0,0.9933261
0.56,0.4,0.2666489,0.57068104,0.29693866,0.44339448
0.4347826,0.6666667,0.15383431,0.65475565,0.0,0.54047364
0.41244683,0.25,0.06822417,0.4403167,0.0,0.3232081
0.7826087,0.6666667,1.3997201,0.6950106,0.66524297,0.30299565
0.42105263,0.46153846,0.0,0.5617586,0.0,0.23159102
0.72727275,0.46153846,0.50018746,0.673195,0.38606572,0.5594818
0.7058824,0.72727275,0.0,0.58732915,0.0,0.96607244
0.4,0.2857143,0.18198346,0.46068546,0.0,0.21749835
0.75,0.61538464,0.4091446,0.6537663,0.55505484,0.9966958
0.5714286,0.36363637,0.20466176,0.4528062,0.0,0.9943399
0.74209887,0.5621936,0.7861734,0.8055941,0.22416095,0.28224578
0.46153846,0.5,0.14283673,0.5270898,0.0,0.6259114
0.4,0.3529412,0.07899584,0.5155541,0.20498514,0.85067344
0.6666667,0.6,0.62492186,0.61904764,0.47987822,0.9986463
0.6315789,0.6,1.1672776,0.6,0.0,0.7506807
0.57065976,0.46153846,0.10720663,0.625384,0.0,0.31995863
0.6666667,0.7692308,0.4091446,0.81299806,0.3194142,0.66385776
0.85916483,0.6666667,2.4994495,0.8146849,0.0,0.8354421
0.85714287,0.8333333,2.9990003,0.875,0.7264007,0.5770889
0.72727275,0.71428573,1.0001999,0.725409,0.5616072,0.727663
0.6666667,0.6,0.15398815,0.5759073,0.0,0.042524356
0.85714287,0.85714287,0.3889568,0.85714287,0.0,1.0
0.6956522,0.6666667,0.4091446,0.8055335,0.35715497,0.63496447
0.44444445,0.33333334,0.14313263,0.5251276,0.0,0.16152939
0.41379312,0.25,0.020039199,0.5009428,0.0,0.2852344
0.56356966,0.61538464,0.08332639,0.7883647,0.0,0.7621827
0.5120736,0.2,0.0,0.5128515,0.2800755,0.19154507
0.44681665,0.8333333,0.0,0.6674159,0.0,0.99128616
0.5833333,0.6666667,0.41663194,0.7404641,0.45139682,0.77155495
0.73986197,0.6666667,0.60014,0.8193443,0.5332822,0.9666015
0.4924179,0.16666667,0.10720663,0.40804002,0.0,0.21490853
0.48,0.61538464,0.031310543,0.54332507,0.0,0.19071399
0.6666667,0.61538464,0.2727025,0.6163075,0.2729897,0.5353103
0.4347826,0.46153846,0.123558946,0.51447123,0.0,0.53674555
0.48887342,0.33333334,0.16133861,0.54934573,0.0,0.12833394
0.5925926,0.71428573,0.078928195,0.7191567,0.21972814,0.9317566
0.6666667,0.8333333,0.19998,0.903726,0.0,0.88409746
0.5833333,0.6666667,0.6201929,0.69592464,0.24087662,0.54276085
0.8,0.6666667,1.6248438,0.7619048,0.6388907,0.9951122
0.8333333,0.7785953,0.7144694,0.91724,0.40334707,0.31161866
0.95652175,0.93333334,9.99001,0.9375,0.79780644,1.0
0.63757926,0.6,0.19236982,0.61458635,0.0,0.49170893
0.7692308,0.8235294,0.550045,0.7074073,0.0,0.93509275
0.68018883,0.61538464,0.18198346,0.63296753,0.0,0.5914773
0.69510686,0.5714286,0.687789,0.6517067,0.3110827,0.7866159
0.5882353,0.5,0.16675925,0.8414656,0.0,0.36047792
0.6686302,0.8235294,0.7227285,0.78407496,0.4700616,0.6365276
0.7058824,0.6,1.1861683,0.51617557,0.0,0.13315701
0.4101558,0.46153846,0.12507291,0.442853,0.0,0.7947342
0.61686,0.68546,0.56255466,0.7171611,0.0,0.98400164
0.9,0.85714287,0.8748906,0.86724246,0.7611606,0.9984512
0.5882353,0.6666667,0.6665556,0.8295909,0.29827562,0.99943936
0.72816443,0.8014607,0.5025509,0.8452786,0.46468154,0.21493919
0.47619048,0.6666667,0.35752034,0.5899741,0.0,0.9502971
0.71428573,0.6,0.3332778,0.625,0.0,0.057286724
0.64,0.5714286,0.30774555,0.70106596,0.2456808,0.98324406
0.5555556,0.7519456,0.08332639,0.64606684,0.0,0.9814757
0.44444445,0.42857143,0.1764602,0.47316894,0.20202962,0.15906945
0.5,0.46153846,0.16665278,0.4543127,0.0,0.61287576
0.7368421,0.72727275,0.42851022,0.75878847,0.41966256,0.99834067
0.26666668,0.4,0.0,0.5214669,0.0,0.8268133
0.725592,0.8888889,0.24996875,0.75753754,0.0,1.0
0.2857143,0.42857143,0.035783157,0.4624873,0.0,0.71000725
