0.5,0.5246486,0.0,0.45,0.0,0.32381114
0.6896552,0.6666667,0.70032996,0.7537462,0.2135737,0.7079438
0.81496537,0.5714286,0.70835763,0.8116543,0.6051304,0.9986776
0.53846157,0.54545456,0.4167986,0.83142674,0.21972814,0.97757494
0.6666667,0.8,0.13968503,0.82368505,0.0,0.5480495
0.61538464,0.33333334,0.25033304,0.74760956,0.0,0.13233903
0.7692308,0.85714287,0.6113765,0.89690375,0.0,0.9986253
0.62894213,0.33333334,0.38247237,0.5794414,0.0,0.35072345
0.88640666,0.7692308,2.9996667,0.88326544,0.76422644,1.0
0.5069553,0.61538464,0.1786301,0.51527095,0.0,0.1077338
0.5555779,0.54545456,0.09090082,0.6540147,0.0,0.6354677
0.6041445,0.6128349,0.56720525,0.7326564,0.0,0.31655064
0.42671102,0.30769232,0.22411077,0.46599278,0.0,0.13146816
0.4,0.72727275,0.0,0.72334176,0.0,0.8143486
0.8181818,0.8,1.4996251,0.8170889,0.7093736,0.8000919
0.6363636,0.71666104,0.2917257,0.7139822,0.0,0.33205888
0.6349092,0.6666667,0.031310543,0.7090223,0.0,0.3139855
0.37037036,0.4,0.099995,0.46350738,0.0,0.31267628
0.7620503,0.61538464,0.49995,0.8082226,0.34468994,0.52988595
0.9166667,1.0,1.8747813,1.0,0.55839485,1.0
0.85714287,0.85714287,0.9161563,0.9166667,0.44208938,0.7231611
0.6604744,0.61538464,0.37505206,0.76331013,0.4144322,0.61790097
0.50877476,0.4,0.07142347,0.52659076,0.0,0.22574767
0.5217391,0.7729862,0.19236982,0.67058134,0.0,0.65896726
0.9,0.85714287,7501.0,0.85714287,0.70710677,1.0
0.5925926,0.6666667,0.1944892,0.54785717,0.0,0.31790772
0.4987958,0.16666667,0.14284694,0.3809579,0.0,0.3481597
0.6315789,0.44444445,0.5000714,0.6583411,0.0,0.093908586
0.6363636,0.61538464,0.250275,0.67881465,0.0,0.1710358
0.56345266,0.33333334,0.0,0.57396764,0.0,0.46232378
0.5714286,0.71428573,0.033397775,0.7379662,0.0,0.97396463
0.56,0.53333336,0.15630274,0.78550166,0.0,0.56004894
1.0,1.0,6000.0,1.0,1.0,1.0
0.7,0.8888889,0.5716326,0.80603695,0.0,1.0
0.7826087,0.6666667,0.35711735,0.7725374,0.5143051,0.4585758
0.7058824,0.72727275,0.71265906,0.73333335,0.40065852,0.72705597
0.7,0.46153846,0.3752031,0.751408,0.0,0.55697614
0.6666667,0.7368421,0.69240826,0.80257374,0.37342784,0.634837
0.75,0.8,0.92872447,0.8278705,0.2545094,1.0
0.8888889,0.90909094,1.2496876,0.8333333,0.7506239,1.0
0.5,0.71428573,0.025048748,0.5706633,0.0,0.080548234
0.54545456,0.6666667,0.14284694,0.7100703,0.0,0.4416854
0.6,0.5,0.07691716,0.5105998,0.0,0.5342125
0.6956522,0.72727275,0.4607028,0.7174752,0.5168939,0.99198455
0.4094234,0.5882353,0.21879883,0.46776843,0.0,0.30570927
0.72,0.8333333,1.6248438,0.735616,0.27296308,0.5234314
0.6666667,0.85714287,1.3328891,0.9,0.0,0.19747026
0.45186776,0.16666667,0.16672222,0.49230134,0.0,0.94176155
0.57954645,0.4,0.09090082,0.5882741,0.0,0.06806102
0.6956522,0.36363637,0.92858166,0.726829,0.2640012,0.11646436
0.47058824,0.46153846,0.0,0.50162184,0.0,0.3323016
0.6956522,0.61538464,1.3334445,0.70278466,0.61555845,0.9491459
0.6666667,0.54545456,0.23280288,0.5180177,0.0,0.38718632
0.6666667,0.6666667,0.3128359,0.63699394,0.0,0.56463087
0.5714286,0.61538464,0.34259868,0.59512883,0.0,0.99789846
0.8,0.8,0.59988004,0.8333333,0.63120437,0.9119038
0.6086956,0.54545456,0.07691716,0.6452361,0.0,0.22113697
0.6320484,0.44444445,0.0,0.7259736,0.0,0.1469138
0.7,0.8888889,0.42851022,0.7114876,0.3073232,0.96575415
0.6335795,0.4,0.3265984,0.80724794,0.26353312,0.23564959
0.26751238,0.18181819,0.0,0.3258284,0.0,0.32370886
0.6363636,0.54545456,0.62492186,0.6436022,0.46640912,0.9999984
0.61538464,0.54545456,0.31219062,0.54036146,0.20149416,0.23923983
0.64,0.53333336,0.33549282,0.5443433,0.0,0.86292875
1.0,1.0,9000.0,1.0,1.0,1.0
0.72727275,0.54545456,0.5060861,0.7928626,0.0,0.4668715
0.9364385,0.7692308,3.249875,0.902665,0.37817904,0.34519503
0.47961476,0.33333334,0.1037083,0.7558689,0.0,0.17017409
0.7692308,0.72727275,1.1426939,0.7283886,0.588725,0.7135343
0.6666667,0.72727275,0.08694443,0.7439082,0.0,0.31888416
0.6315789,0.72727275,0.22241972,0.5359699,0.0,0.3538536
0.85714287,0.7692308,1.0001999,0.9285714,0.31775567,1.0
0.9166667,0.8888889,2.124719,0.87706935,0.76710224,1.0
0.75,0.72727275,0.7503749,0.83032113,0.26210082,0.20996945
0.7,0.7692308,0.16665278,0.66419256,0.0,0.9996172
0.5635405,0.8,0.6002799,0.6693857,0.0,0.84850395
0.47619048,0.71428573,0.44439507,0.731829,0.0,0.45251298
0.46153846,0.5714286,0.0,0.54522735,0.0,0.0111984825
0.6666667,0.61538464,1.0072261,0.7950304,0.28599644,0.14540672
0.65934575,0.46153846,0.23258659,0.7059531,0.0,0.27032965
0.56,0.61538464,0.17053689,0.6384693,0.0,0.99288726
0.7058824,0.8,0.22219753,0.7867129,0.0,0.6997092
0.76276565,0.5,0.30018,0.78964865,0.2691496,0.2911286
0.61538464,0.4,0.33001554,0.6483829,0.0,0.21762477
0.92123735,0.8,3702.021,0.88973224,0.0,0.29674646
0.5833333,0.625,0.44461727,0.6958395,0.0,0.99996024
0.5925926,0.5882353,0.34635797,0.80987185,0.19685206,0.037423816
0.9,0.8,2.9433599,0.8333333,0.40455335,0.5370874
0.3529412,0.4,0.0,0.43572745,0.0,0.9403801
0.42105263,0.54545456,0.13644214,0.7310179,0.0,0.039433982
0.9411765,1.0,4.995005,0.9166667,0.6441954,1.0
1.0,1.0,10000.0,1.0,0.8715243,1.0
0.5263158,1.0,0.12507291,0.7815003,0.0,0.99905014
0.75,0.8888889,0.2727025,0.7031391,0.26566836,0.401852
0.8,0.9230769,0.9375078,0.84747434,0.49476147,0.9899638
0.8148148,0.9230769,0.49995,0.8114709,0.56220084,0.8933843
0.5714286,0.5714286,0.06666222,0.6038074,0.0,0.969159
0.6896552,0.7058824,0.113327816,0.68771845,0.3850323,0.98748106
0.4827586,0.47954953,0.2917257,0.6640437,0.18941016,0.5828739
0.5030834,0.54566437,0.1786301,0.67319185,0.21803366,0.42963386
0.9285714,0.875,9501.0,0.8824492,0.9193227,1.0
0.6956522,1.0,0.7144694,1.0,0.0,0.6907935
0.9032258,1.0,4.6651115,0.98183477,0.8030294,1.0
0.6923077,1.0,0.22180732,0.79776543,0.25110203,0.041355506
0.8235294,0.5714286,0.74981254,0.5833333,0.43995893,0.24347194
0.5714286,0.6,0.5035244,0.6706506,0.16694142,0.6885553
0.972909,0.90909094,8265.588,0.9503332,0.8070557,0.92540246
0.94736844,1.0,1.5004998,1.0,0.5779352,1.0
0.8,0.8,0.21439794,0.8620823,0.45002833,0.99921787
0.85714287,0.85714287,0.3335185,0.7655903,0.51217604,0.9960977
0.7368421,0.6666667,0.3332963,0.6857143,0.34678096,0.49649
0.8,0.8888889,1.3328891,0.9,0.63120437,0.7617806
0.3809524,0.30769232,0.033397775,0.36637348,0.0,0.82204676
0.6,0.8333333,0.14284694,0.7565688,0.0,0.40702534
0.8181818,0.90909094,0.7141837,0.9166667,0.51863045,1.0
0.5933969,0.5714286,0.5000455,0.6336047,0.39246324,0.15447482
0.72,0.72727275,0.06666222,0.815371,0.25513804,0.3857358
0.7619048,0.8333333,0.16665278,0.8766077,0.36775106,0.78612965
0.6666667,0.6666667,0.68753904,0.6883888,0.2709199,0.8022461
0.6666667,0.8,0.49991667,0.6857143,0.0,0.99541354
0.8181818,0.9230769,0.75004166,0.9581303,0.41109988,0.507713
0.84210527,0.8,0.50262856,0.8,0.0,0.13447112
0.7826087,0.8,0.13644214,0.88267726,0.32895944,0.09915573
0.7368421,0.85714287,0.3332778,0.7847872,0.5934925,0.2881104
0.53333336,0.6666667,0.11109877,0.6316363,0.0,0.39741156
0.875,0.8,5501.0,0.8,0.5,0.86402243
0.9,0.90909094,1.4996251,0.9285714,0.7174918,1.0
0.5714286,0.5716209,0.33657277,0.5428493,0.0,0.2572599
0.47058824,0.54545456,0.09999,0.48502228,0.0,0.45787442
0.77265227,0.5714286,0.5332978,0.84547985,0.3766336,0.33360106
0.6666667,0.75,0.1666389,0.685824,0.0,0.99985987
0.6666667,0.72727275,0.4999375,0.7069069,0.0,0.99504405
0.55894786,0.70926535,0.033397775,0.6163376,0.0,0.98347443
0.4325574,0.5,0.1390697,0.5143516,0.0,0.5565501
0.952824,0.8333333,4.0,0.97330725,0.70708036,0.8856823
0.5354526,0.54545456,0.6002799,0.6510803,0.0,0.602294
0.5882353,0.6,0.19998,0.9720688,0.32165855,0.64338344
0.5217391,0.5714286,0.06666222,0.6254937,0.0,0.25872117
0.77379954,0.7692308,0.22752477,0.8680094,0.0,0.3821423
0.5555556,0.46250308,0.50006247,0.7648525,0.29071537,0.6767964
0.6315789,0.6666667,0.5000714,0.74357224,0.3105159,0.99936235
0.9,0.8,0.49991667,0.73333335,0.0,0.5577984
0.5,0.6,0.11109877,0.645329,0.0,1.0
1.0,1.0,7000.0,1.0,1.0,1.0
0.5672459,0.47463524,0.06814304,0.6713947,0.0,0.7235098
1.0,1.0,4.998501,1.0,0.6336107,1.0
0.6906484,0.54545456,0.8029917,0.78810257,0.0,0.14128026
0.72,0.8333333,1.8747813,0.85282606,0.60381985,1.0
0.6775054,0.61538464,0.035783157,0.70089185,0.2818413,0.24135524
0.54545456,0.36363637,0.19236982,0.5911453,0.0,0.17670223
0.8,0.8,0.650035,0.83449775,0.25567278,0.7142869
0.95238096,0.6666667,4.997003,0.9166667,0.74073654,0.03435068
0.53333336,0.54545456,0.11109877,0.59337664,0.0,0.997076
0.93333334,1.0,1.3328891,1.0,0.41879854,0.99969125
0.64285713,0.6666667,1.0001249,0.7191963,0.49023223,0.99172354
0.56458557,0.8333333,0.33330557,0.72848666,0.0,0.35042804
0.61538464,0.6666667,0.39992002,0.83470005,0.0,0.422098
0.8333333,0.8333333,0.55549383,0.7683925,0.31452486,0.998715
0.6956522,0.6666667,0.55571604,0.8201763,0.0,0.90208447
0.45989,0.46153846,0.027831787,0.58222467,0.0,0.8992096
0.72727275,0.7692308,0.44946477,0.77380955,0.25902215,0.96185845
0.85714287,0.8333333,0.55549383,0.8145011,0.35118678,1.0
0.61954033,0.61538464,0.4486627,0.63963777,0.0,0.28171265
0.7619048,0.54545456,1.20016,0.64611375,0.45997667,0.99946314
0.9230769,0.8,0.99966675,0.875,0.7193648,1.0
0.6556638,0.72727275,0.18180165,0.67613566,0.0,0.13608035
1.0,1.0,13000.0,1.0,1.0,1.0
0.85714287,0.90909094,0.74981254,0.9839821,0.5077044,0.84729725
0.8181818,0.6,0.19998,0.80049384,0.3945881,0.5341679
0.5714286,0.61538464,0.27808022,0.71428573,0.0,0.38747713
0.71428573,0.6666667,0.0,0.72025794,0.3498693,0.5280271
0.8235294,0.75,1.2496876,0.82394785,0.47610795,0.65665454
0.7058824,0.5714286,0.22219753,0.5680438,0.0,0.31470108
0.6666667,0.4598614,0.50029993,0.63927823,0.0,1.0
0.84636474,0.7934699,0.71524566,0.69301754,0.34124112,0.583175
0.7413961,0.72727275,0.5043237,0.8782251,0.0,0.058098152
0.625,0.6,0.09999,0.72603935,0.0,0.49986103
0.84210527,0.8,0.22734296,0.8451081,0.0,0.50072205
0.5714286,0.5820135,0.10005999,0.67532915,0.0,0.8921838
0.78870803,0.6608865,0.62517184,0.83246166,0.250518,0.5203292
0.8,0.6666667,0.9186287,0.6990567,0.5900469,0.9917919
0.6666667,0.5714286,0.3889568,0.8435443,0.2596536,0.06959378
0.84615386,0.8,2.124719,0.85714287,0.6339536,0.89960086
0.8,0.72727275,0.06666222,0.73614895,0.33543628,0.98714733
0.62350464,0.6666667,0.124984376,0.72605634,0.0,0.9998793
0.47058824,0.32888293,0.1443762,0.34509394,0.0,0.8418923
0.625,0.75,0.28567347,0.42532283,0.0,0.1163526
0.8181818,1.0,0.9166806,0.9285714,0.0,1.0
0.7826087,0.6,0.3636033,0.7365437,0.0,0.40037206
0.9575103,0.8333333,9503.0,0.9150207,0.7611606,0.9643124
0.9916442,0.75,5.144202,0.98495966,0.81158787,0.0712588
0.6833613,0.8,0.56802565,0.9617142,0.0,0.993163
0.55999714,0.5,0.28595915,0.7366629,0.0,0.82074535
0.7701347,0.70926535,2.2503748,0.74057347,0.33665916,0.9930305
0.7483112,0.8,0.4434521,0.88467586,0.2818394,0.0584719
0.7619048,0.6,0.08332639,0.8930536,0.0,0.65964395
0.7058824,1.0,0.11109877,0.73333335,0.0,0.7673978
1.0,1.0,4000.0,1.0,1.0,1.0
0.9230769,1.0,0.74990624,0.9769216,0.48170054,1.0
0.7829914,0.8515757,0.5943379,0.79634744,0.4264417,0.7804605
0.6666667,0.8,0.22241972,0.87921745,0.0,0.10825672
0.44444445,0.54545456,0.13644214,0.3129362,0.0,0.34591693
0.5217391,0.6666667,0.22734296,0.76597697,0.356899,0.99727196
0.7826087,0.71428573,0.35194567,0.74712276,0.4014381,0.842581
0.7777778,0.75,0.6665556,0.63247293,0.66038734,1.0
0.9050797,0.8333333,9.129614,0.914187,0.60102105,0.30241296
0.5714286,0.5,0.6111543,0.47072366,0.22820169,0.8781479
0.84615386,0.71428573,3.1659446,0.7645241,0.7339517,1.0
0.8235294,0.90909094,4.995005,0.9166667,0.39809048,1.0
0.76604676,0.75342065,0.06255859,0.8990951,0.0,0.899804
0.94736844,0.93333334,0.3332963,0.9375,0.7028557,1.0
0.82057184,0.71428573,0.32147703,0.8142968,0.3575086,0
0.7728316,0.5714286,0.93718326,0.67440933,0.40792304,0.954567
0.7692308,0.9230769,0.19998667,0.8137468,0.40820396,0.9999593
0.64,0.8333333,0.06666222,0.8145321,0.0,0.955415
0.7,0.71428573,0.5714898,0.7311983,0.0,0.9633787
0.48259327,0.7692308,0.27785802,0.6870239,0.0,0.8443123
0.61538464,0.5,0.10319872,0.6075201,0.0,0.20238951
0.6666667,0.54545456,0.088288926,0.608963,0.0,0.28288564
0.39127904,0.4,0.0,0.52843684,0.0,0.4185458
0.962963,1.0,1.29994,1.0,0.48880336,1.0
0.8965517,0.7692308,2.6657782,0.87970483,0.82361126,0.46666384
0.53333336,0.6666667,0.0,0.4242811,0.0,0.7297013
1.0,1.0,13000.0,1.0,1.0,1.0
0.7106723,0.625,0.70013,0.703146,0.31437755,0.3744786
0.36363637,0.36363637,0.06666222,0.63006943,0.0,0.24560393
0.93333334,1.0,4.995005,0.9760253,0.7740016,1.0
0.630556,0.42857143,0.40932643,0.56335443,0.38605547,0.3007285
1.0,1.0,3000.0,1.0,1.0,1.0
0.6086956,0.7692308,0.37545305,0.68155736,0.0,0.99942404
0.6666667,0.6666667,0.07691716,0.747775,0.0,0.30087307
0.6636294,0.46153846,0.15383431,0.6866891,0.0,0.62784576
0.5714286,0.5,0.0,0.19832607,0.0,0.5767774
0.71428573,0.85714287,0.15630274,0.86484283,0.25110203,0.8658325
0.53333336,0.5714286,0.3332778,0.5833333,0.0,0.3730512
0.7,0.8,0.2083993,0.63664615,0.0,0.39780387
0.5833333,0.33333334,0.05882007,0.443316,0.0,0.85933644
0.6666667,0.72727275,0.24998437,0.82439786,0.44827285,0.20584497
0.5833333,0.6666667,0.49995,0.6831028,0.334935,0.7115503
0.66994625,0.6666667,0.6030317,0.8312723,0.34057683,0.2207915
0.8181818,1.0,0.50005555,0.8035714,0.26556766,1.0
0.5217391,0.61538464,0.1786301,0.7239479,0.0,0.732727
0.4905086,0.22222222,0.13332444,0.4547022,0.0,0.5209088
0.48,0.71428573,0.3184256,0.7161757,0.0,0.9597503
0.7474893,0.54545456,1.5004166,0.8685214,0.51590025,0.9522178
0.6611158,0.6,0.29997,0.7417726,0.0,0.16326566
0.85714287,0.8,6.4965034,0.81110317,0.566816,0.7440653
0.5,0.72727275,0.5000714,0.74679863,0.0,0.107810356
0.72,0.6,0.30036995,0.80564886,0.39330682,0.050677635
0.75,0.71428573,0.6665926,0.7887288,0.46204647,0.99634707
