0.5,0.5246486,0.0,0.45,0.0,0.32381114
0.6896552,0.6666667,0.70032996,0.7537462,0.2135737,0.7079438
0.81496537,0.5714286,0.70835763,0.8116543,0.6051304,0.9986776
0.53846157,0.6,0.21879883,0.7880278,0.21972814,0.97757494
0.6666667,0.8,0.13968503,0.82368505,0.0,0.5480495
0.61538464,0.2,0.13904299,0.77702886,0.0,0.13233903
0.7692308,0.85714287,0.6113765,0.89690375,0.0,0.9986253
0.62894213,0.33333334,0.38247237,0.5794414,0.0,0.35072345
0.8682317,0.7692308,2.9996667,0.88326544,0.7235099,1.0
0.5069553,0.61538464,0.1786301,0.51527095,0.0,0.1077338
0.5555779,0.54545456,0.09090082,0.6540147,0.0,0.6354677
0.664559,0.6128349,0.56720525,0.7326564,0.0,0.31655064
0.42671102,0.33333334,0.22411077,0.43338662,0.0,0.13146816
0.4,0.72727275,0.0,0.72334176,0.0,0.8143486
0.8181818,0.8,1.4996251,0.8170889,0.7093736,0.8000919
0.6363636,0.71666104,0.2917257,0.7139822,0.0,0.33205888
0.5714152,0.6666667,0.062496092,0.7090223,0.0,0.3139855
0.37037036,0.4,0.099995,0.46350738,0.0,0.31267628
0.7620503,0.61538464,0.49995,0.8082226,0.34468994,0.52988595
0.9166667,1.0,1.8747813,1.0,0.55839485,1.0
0.85714287,0.85714287,0.9161563,0.9166667,0.44208938,0.7231611
0.6061504,0.61538464,0.15785736,0.76331013,0.28186747,0.61790097
0.41520804,0.4,0.07142347,0.52659076,0.0,0.22574767
0.5217391,0.7729862,0.19236982,0.67058134,0.0,0.65896726
0.9,0.85714287,7501.0,0.85714287,0.70710677,1.0
0.5925926,0.6666667,0.1944892,0.54785717,0.0,0.31790772
0.4987958,0.16666667,0.14284694,0.3809579,0.0,0.3481597
0.6315789,0.44444445,0.5000714,0.6583411,0.0,0.093908586
0.6363636,0.61538464,0.250275,0.67881465,0.0,0.1710358
0.56345266,0.33333334,0.0,0.57396764,0.0,0.46232378
0.5714286,0.71428573,0.033397775,0.7379662,0.0,0.97396463
0.56,0.53333336,0.15630274,0.78550166,0.0,0.56004894
1.0,1.0,6000.0,1.0,1.0,1.0
0.7,0.8888889,0.5716326,0.80603695,0.0,1.0
0.7826087,0.6666667,0.35711735,0.7725374,0.5143051,0.4585758
0.7058824,0.72727275,0.71265906,0.73333335,0.40065852,0.72705597
0.7,0.5,0.25007498,0.70212483,0.0,0.55697614
0.6666667,0.7368421,0.69240826,0.80257374,0.37342784,0.634837
0.75,0.8,0.92872447,0.8278705,0.2545094,1.0
0.8888889,0.90909094,1.2496876,0.8333333,0.7506239,1.0
0.5,0.71428573,0.025048748,0.5706633,0.0,0.080548234
0.54545456,0.6666667,0.14284694,0.7100703,0.0,0.4416854
0.6,0.5,0.07691716,0.5105998,0.0,0.5342125
0.6956522,0.72727275,0.4607028,0.7174752,0.5168939,0.99198455
0.4094234,0.5882353,0.21879883,0.46776843,0.0,0.30570927
0.7826087,0.8333333,1.6248438,0.735616,0.2914068,0.5234314
0.6666667,0.85714287,1.3328891,0.9,0.0,0.19747026
0.45186776,0.16666667,0.16672222,0.49230134,0.0,0.94176155
0.57954645,0.4,0.09090082,0.5882741,0.0,0.06806102
0.6956522,0.4,0.68753904,0.6859754,0.2640012,0.11646436
0.47058824,0.46153846,0.0,0.50162184,0.0,0.3323016
0.6956522,0.61538464,1.3334445,0.70278466,0.61555845,0.9491459
0.6666667,0.54545456,0.23280288,0.5180177,0.0,0.38718632
0.6666667,0.6666667,0.3128359,0.63699394,0.0,0.56463087
0.5714286,0.61538464,0.34259868,0.59512883,0.0,0.99789846
0.8,0.8,0.59988004,0.8333333,0.63120437,0.9119038
0.5263158,0.54545456,0.07691716,0.6066309,0.0,0.22113697
0.6320484,0.44444445,0.0,0.7259736,0.0,0.1469138
0.625,0.8888889,0.42851022,0.7114876,0.0,0.96575415
0.6335795,0.4,0.3265984,0.80724794,0.26353312,0.23564959
0.26751238,0.18181819,0.0,0.3258284,0.0,0.32370886
0.6363636,0.54545456,0.62492186,0.6436022,0.46640912,0.9999984
0.61538464,0.54545456,0.31219062,0.54036146,0.20149416,0.23923983
0.64,0.53333336,0.33549282,0.5443433,0.0,0.86292875
1.0,1.0,9000.0,1.0,1.0,1.0
0.72727275,0.54545456,0.5060861,0.7928626,0.0,0.4668715
0.9364385,0.7692308,3.249875,0.902665,0.37817904,0.34519503
0.5232161,0.33333334,0.1037083,0.7558689,0.0,0.17017409
0.8333333,0.72727275,1.1426939,0.7283886,0.6383715,0.7135343
0.6666667,0.72727275,0.08694443,0.7439082,0.0,0.31888416
0.6315789,0.72727275,0.22241972,0.5359699,0.0,0.3538536
0.85714287,0.7692308,1.0001999,0.9285714,0.31775567,1.0
0.9166667,0.8888889,2.124719,0.87706935,0.76710224,1.0
0.75,0.72727275,0.7503749,0.83032113,0.26210082,0.20996945
0.7,0.7692308,0.16665278,0.66419256,0.0,0.9996172
0.6298394,0.8,0.6002799,0.6693857,0.0,0.84850395
0.47619048,0.71428573,0.44439507,0.731829,0.0,0.45251298
0.46153846,0.5714286,0.0,0.54522735,0.0,0.0111984825
0.6666667,0.61538464,1.0072261,0.7950304,0.28599644,0.14540672
0.65934575,0.46153846,0.23258659,0.7059531,0.0,0.27032965
0.56,0.61538464,0.17053689,0.6384693,0.0,0.99288726
0.7058824,0.8,0.22219753,0.7867129,0.0,0.6997092
0.76276565,0.5,0.30018,0.78964865,0.2691496,0.2911286
0.61538464,0.4,0.33001554,0.6483829,0.0,0.21762477
0.92123735,0.8,3702.021,0.88973224,0.0,0.29674646
0.5833333,0.625,0.44461727,0.6958395,0.0,0.99996024
0.5925926,0.53333336,0.5002273,0.8317345,0.19685206,0.037423816
0.9,0.8,2.9433599,0.8333333,0.40455335,0.5370874
0.3529412,0.4,0.0,0.43572745,0.0,0.9403801
0.42105263,0.54545456,0.13644214,0.7310179,0.0,0.039433982
0.9411765,1.0,4.995005,0.9166667,0.6441954,1.0
1.0,1.0,10000.0,1.0,1.0,1.0
0.5263158,1.0,0.12507291,0.7815003,0.0,0.99905014
0.7,0.8888889,0.2727025,0.7031391,0.3112775,0.401852
0.7692308,0.9230769,0.45837846,0.84747434,0.47878122,0.9899638
0.7826087,0.9230769,0.49995,0.8114709,0.469247,0.8933843
0.5714286,0.5714286,0.06666222,0.6038074,0.0,0.969159
0.6896552,0.7058824,0.113327816,0.68771845,0.3850323,0.98748106
0.5185185,0.47954953,0.2917257,0.6640437,0.20538291,0.5828739
0.5030834,0.54566437,0.1786301,0.67319185,0.21803366,0.42963386
0.9166667,0.875,9501.0,0.8824492,0.903602,1.0
0.6956522,1.0,0.7144694,1.0,0.0,0.6907935
0.9032258,1.0,4.6651115,0.98334855,0.8030294,1.0
0.6363636,1.0,0.13720842,0.79776543,0.0,0.041355506
0.7692308,0.5714286,0.74981254,0.5833333,0.0,0.24347194
0.5714286,0.6,0.5035244,0.6706506,0.16694142,0.6885553
0.972909,0.8888889,8265.588,0.95742846,0.8070557,0.92540246
0.94736844,1.0,1.5004998,1.0,0.5779352,1.0
0.8,0.8,0.21439794,0.8620823,0.45002833,0.99921787
0.85714287,0.85714287,0.3335185,0.7655903,0.51217604,0.9960977
0.7368421,0.6666667,0.3332963,0.6857143,0.34678096,0.49649
0.8,0.8888889,1.3328891,0.9,0.63120437,0.7617806
0.3809524,0.30769232,0.033397775,0.36637348,0.0,0.82204676
0.6,0.8333333,0.14284694,0.7565688,0.0,0.40702534
0.9,0.90909094,0.7141837,0.9166667,0.55589795,1.0
0.5933969,0.5714286,0.5000455,0.6336047,0.39246324,0.15447482
0.6666667,0.72727275,0.06666222,0.815371,0.0,0.3857358
0.7619048,0.8333333,0.16665278,0.8766077,0.36775106,0.78612965
0.6666667,0.61538464,0.68753904,0.7273402,0.2709199,0.8022461
0.7058824,0.8,0.24996875,0.6857143,0.0,0.99541354
0.9,0.9230769,1.3749063,0.9581303,0.57212484,0.507713
0.84210527,0.8,0.50262856,0.8,0.0,0.13447112
0.7368421,0.8,0.13644214,0.88267726,0.0,0.09915573
0.6666667,0.85714287,0.124984376,0.7847872,0.4264417,0.2881104
0.47058824,0.6,0.09090082,0.5976138,0.0,0.39741156
0.875,0.8,5501.0,0.8,0.5,0.86402243
0.9,0.90909094,1.4996251,0.9285714,0.7174918,1.0
0.5714286,0.5716209,0.33657277,0.5428493,0.0,0.2572599
0.47058824,0.54545456,0.09999,0.48502228,0.0,0.45787442
0.77265227,0.5714286,0.5332978,0.84547985,0.3766336,0.33360106
0.6666667,0.75,0.1666389,0.685824,0.0,0.99985987
0.6666667,0.72727275,0.4999375,0.7069069,0.0,0.99504405
0.55894786,0.70926535,0.033397775,0.6163376,0.0,0.98347443
0.4325574,0.5,0.1390697,0.5143516,0.0,0.5565501
0.952824,0.8333333,4.0,0.97330725,0.70708036,0.8856823
0.5354526,0.54545456,0.6002799,0.6510803,0.0,0.602294
0.5882353,0.6,0.19998,0.9720688,0.32165855,0.64338344
0.5714286,0.5714286,0.06666222,0.6254937,0.0,0.25872117
0.77379954,0.7692308,0.22752477,0.8680094,0.0,0.3821423
0.5555556,0.46250308,0.50006247,0.7648525,0.29071537,0.6767964
0.6315789,0.6666667,0.5000714,0.74357224,0.3105159,0.99936235
0.875,0.8,0.49991667,0.73333335,0.0,0.5577984
0.5,0.6,0.11109877,0.645329,0.0,1.0
1.0,1.0,7000.0,1.0,1.0,1.0
0.5779632,0.47463524,0.06814304,0.6713947,0.0,0.7235098
1.0,1.0,4.998501,1.0,0.59564036,1.0
0.6906484,0.54545456,0.8029917,0.78810257,0.0,0.14128026
0.72,0.8333333,1.8747813,0.85282606,0.60381985,1.0
0.6775054,0.61538464,0.035783157,0.70089185,0.2818413,0.24135524
0.54545456,0.36363637,0.19236982,0.5911453,0.0,0.17670223
0.8,0.8,0.650035,0.83449775,0.25567278,0.7142869
0.9411765,0.6666667,4.997003,0.9166667,0.6587902,0.03435068
0.53333336,0.54545456,0.11109877,0.59337664,0.0,0.997076
0.93333334,1.0,1.3328891,1.0,0.41879854,0.99969125
0.64285713,0.6666667,1.0001249,0.7191963,0.49023223,0.99172354
0.56458557,0.8333333,0.33330557,0.72848666,0.0,0.35042804
0.61538464,0.6666667,0.39992002,0.83470005,0.0,0.422098
0.8,0.8333333,0.55549383,0.7683925,0.0,0.998715
0.6956522,0.6666667,0.55571604,0.8201763,0.0,0.90208447
0.45989,0.5,0.027831787,0.55011344,0.0,0.8992096
0.72727275,0.7692308,0.44946477,0.77380955,0.25902215,0.96185845
0.85714287,0.8333333,0.55549383,0.8145011,0.35118678,1.0
0.5533734,0.6666667,0.4486627,0.7257508,0.0,0.28171265
0.7619048,0.54545456,1.20016,0.64611375,0.45997667,0.99946314
0.9230769,0.8,0.99966675,0.875,0.7193648,1.0
0.7285153,0.72727275,0.18180165,0.67613566,0.0,0.13608035
1.0,1.0,13000.0,1.0,1.0,1.0
0.85714287,0.90909094,0.74981254,0.9839821,0.5077044,0.84729725
0.7777778,0.6,0.6665556,0.80049384,0.0,0.5341679
0.5714286,0.61538464,0.27808022,0.71428573,0.0,0.38747713
0.6666667,0.6666667,0.0499975,0.72025794,0.2490535,0.5280271
0.8235294,0.75,1.2496876,0.82394785,0.47610795,0.65665454
0.7058824,0.5714286,0.22219753,0.5680438,0.0,0.31470108
0.6666667,0.4598614,0.50029993,0.63927823,0.0,1.0
0.84636474,0.7934699,0.71524566,0.69301754,0.34124112,0.583175
0.7413961,0.72727275,0.5043237,0.8782251,0.0,0.058098152
0.625,0.6,0.09999,0.72603935,0.0,0.49986103
0.84210527,0.8,0.22734296,0.8451081,0.0,0.50072205
0.5714286,0.5820135,0.10005999,0.67532915,0.0,0.8921838
0.78870803,0.6608865,0.62517184,0.83246166,0.250518,0.5203292
0.8,0.6666667,0.9186287,0.6990567,0.5900469,0.9917919
0.6666667,0.5714286,0.3889568,0.8435443,0.2596536,0.06959378
0.84615386,0.8,2.124719,0.85714287,0.6339536,0.89960086
0.7619048,0.72727275,0.5716326,0.73614895,0.0,0.98714733
0.62350464,0.6666667,0.124984376,0.72605634,0.0,0.9998793
0.47058824,0.32888293,0.1443762,0.34509394,0.0,0.8418923
0.625,0.75,0.28567347,0.42532283,0.0,0.1163526
0.8181818,1.0,0.9166806,0.9285714,0.0,1.0
0.7826087,0.6,0.3636033,0.7365437,0.0,0.40037206
0.9575103,0.8333333,9503.0,0.9150207,0.7611606,0.9643124
0.9916442,0.75,5.144202,0.98495966,0.81158787,0.0712588
0.6833613,0.8888889,0.34578606,0.88157135,0.0,0.993163
0.55999714,0.54545456,0.16675925,0.67999655,0.0,0.82074535
0.7701347,0.65640455,2.2503748,0.7774551,0.33665916,0.9930305
0.7483112,0.8,0.4434521,0.88467586,0.2818394,0.0584719
0.7058824,0.6,0.08332639,0.8930536,0.0,0.65964395
0.8,1.0,0.11109877,0.73333335,0.0,0.7673978
1.0,1.0,4000.0,1.0,1.0,1.0
0.90909094,1.0,1.1664722,0.9769216,0.50084466,1.0
0.7829914,0.8515757,0.5943379,0.79634744,0.4264417,0.7804605
0.7368421,0.8,0.3332963,0.87921745,0.0,0.10825672
0.44444445,0.54545456,0.13644214,0.3129362,0.0,0.34591693
0.5714286,0.6666667,0.22734296,0.76597697,0.38916963,0.99727196
0.7368421,0.71428573,0.39996,0.74712276,0.0,0.842581
0.7777778,0.75,0.6665556,0.63247293,0.66038734,1.0
0.9050797,0.8333333,9.129614,0.914187,0.60102105,0.30241296
0.5714286,0.5,0.6111543,0.47072366,0.22820169,0.8781479
0.84615386,0.71428573,3.1659446,0.7645241,0.7339517,1.0
0.93333334,0.90909094,4.995005,0.9166667,0.6508552,1.0
0.76604676,0.75342065,0.06255859,0.8990951,0.0,0.899804
0.94736844,0.93333334,0.3332963,0.9375,0.7028557,1.0
0.7929675,0.6666667,0.111216046,0.8349305,0.31619343,0
0.7728316,0.5714286,0.93718326,0.67440933,0.40792304,0.954567
0.7692308,0.9230769,0.19998667,0.8137468,0.40820396,0.9999593
0.5714286,0.8333333,0.06666222,0.8145321,0.0,0.955415
0.7,0.71428573,0.5714898,0.7311983,0.0,0.9633787
0.48259327,0.7692308,0.27785802,0.6870239,0.0,0.8443123
0.61538464,0.5,0.10319872,0.6075201,0.0,0.20238951
0.6666667,0.54545456,0.088288926,0.608963,0.0,0.28288564
0.39127904,0.4,0.0,0.52843684,0.0,0.4185458
0.95652175,1.0,1.29994,0.8333333,0.4863661,1.0
0.88,0.7692308,2.6657782,0.87970483,0.7902195,0.46666384
0.53333336,0.6666667,0.0,0.4242811,0.0,0.7297013
1.0,1.0,13000.0,1.0,1.0,1.0
0.7106723,0.625,0.70013,0.703146,0.31437755,0.3744786
0.4,0.36363637,0.06666222,0.63006943,0.0,0.24560393
0.93333334,1.0,4.995005,0.9760253,0.7740016,1.0
0.630556,0.42857143,0.40932643,0.56335443,0.38605547,0.3007285
1.0,1.0,3000.0,1.0,1.0,1.0
0.6086956,0.7692308,0.37545305,0.68155736,0.0,0.99942404
0.7368421,0.6666667,0.07691716,0.747775,0.0,0.30087307
0.6636294,0.5,0.15383431,0.64918983,0.0,0.62784576
0.5714286,0.5,0.0,0.19832607,0.0,0.5767774
0.6666667,0.85714287,0.12511718,0.86484283,0.2206983,0.8658325
0.53333336,0.5714286,0.3332778,0.5833333,0.0,0.3730512
0.7,0.8,0.2083993,0.63664615,0.0,0.39780387
0.5833333,0.33333334,0.05882007,0.443316,0.0,0.85933644
0.6666667,0.72727275,0.24998437,0.82439786,0.44827285,0.20584497
0.5833333,0.6666667,0.49995,0.6831028,0.334935,0.7115503
0.66994625,0.6666667,0.6030317,0.8312723,0.34057683,0.2207915
0.8181818,1.0,0.50005555,0.8035714,0.26556766,1.0
0.5217391,0.61538464,0.1786301,0.7239479,0.0,0.732727
0.3978738,0.22222222,0.13332444,0.4547022,0.0,0.5209088
0.48,0.71428573,0.3184256,0.7161757,0.0,0.9597503
0.7973219,0.54545456,1.5004166,0.8685214,0.54500973,0.9522178
0.6611158,0.6,0.29997,0.7417726,0.0,0.16326566
0.85714287,0.8,6.4965034,0.81110317,0.566816,0.7440653
0.5,0.72727275,0.5000714,0.74679863,0.0,0.107810356
0.6666667,0.6,0.833861,0.80564886,0.0,0.050677635
0.75,0.71428573,0.6665926,0.7887288,0.46204647,0.99634707
0.37514248,0.54545456,0.15630274,0.55629385,0.0,0.49336535
0.5882353,0.8888889,0.24996875,0.8,0.34057683,0.8974238
0.5882353,0.8888889,0.24996875,0.8,0.34057683,0.8974238
0.85714287,0.85714287,1.80044,0.8995455,0.4196371,0.85969466
0.94736844,0.9230769,6.993007,0.9285714,0.7028557,1.0
0.71428573,0.72727275,0.0715612,0.74848473,0.0,0.6193696
0.5263158,0.61538464,0.045541316,0.66136354,0.0,0.4902751
0.46153846,0.6,0.08348609,0.42198202,0.0,0.8925543
0.47058824,0.36363637,0.22219753,0.5817708,0.0,0.6210697
0.90909094,0.93333334,1.2499584,0.8255203,0.49858522,0.94679004
0.7355765,0.8888889,0.4999375,0.7411575,0.4389868,0.97460824
0.5559745,0.5,0.060932554,0.5567008,0.2293695,0.9754237
0.5,0.625,0.1786301,0.56527174,0.0,0.8512008
0.9,1.0,3.498251,1.0,0.7825423,1.0
1.0,1.0,2.9990003,1.0,0.48581758,1.0
0.6666667,0.7692308,0.30004665,0.7877696,0.21217956,0.3282105
0.56,0.71428573,0.1764602,0.7116232,0.0,0.4304844
0.7692308,0.8,0.8748906,0.7804614,0.5012391,0.94436586
0.53333336,0.6666667,0.28567347,0.75,0.0,0
0.7619048,1.0,0.4999375,0.9285714,0.4538888,0.4919559
0.8,0.7692308,0.9166806,0.8286149,0.7571201,0.8504688
0.8888889,0.90909094,0.58340275,0.9445435,0.0,0.32510725
0.46595046,0.2857143,0.0,0.41791072,0.0,0.3465702
0.6754521,0.5,0.3128359,0.52649724,0.0,0.99865645
0.5714286,0.8,0.30642956,0.7400193,0.0,0.6823251
0.75,0.8,0.74990624,0.8396206,0.5542757,0.71339077
1.0,1.0,11000.0,1.0,1.0,1.0
0.8148148,0.7777778,1.2855307,0.8170474,0.67364836,0.8804519
0.53099257,0.6666667,0.09103241,0.7257528,0.0,0.95631915
0.72727275,0.5,0.20015997,0.75,0.0,0.41172686
0.8777858,0.85714287,1.2142551,0.9812635,0.58609563,0.94729906
0.7518645,0.71428573,0.30004665,0.87748224,0.38345176,0.61083144
0.72727275,0.85714287,0.3636033,0.88833123,0.3835129,0.9859893
0.72727275,0.6666667,1.29994,0.65634286,0.5734856,0.8443895
0.7058824,0.7692308,0.28567347,0.7642104,0.0,0.9818183
0.94157493,0.8,1.2292898,0.98379093,0.46108505,0.99939066
0.8235294,0.7692308,1.4998333,0.77380955,0.6587902,0.99990755
0.875,0.90909094,0.24996875,0.9166667,0.6102259,0.9071742
0.56211543,0.5882353,0.20592906,0.59908724,0.0,0.52177024
0.7096774,0.9230769,1.3337777,0.83105606,0.26073396,0.9785497
0.8,0.7692308,0.29997,0.824367,0.0,0.7207438
0.8,0.85714287,0.24993752,0.75,0.0,1.0
0.72,0.5714286,0.92858166,0.7062382,0.5340712,0.9967966
0.625,0.75,0.124984376,0.6440913,0.0,0.9668723
0.75705314,0.36363637,0.04174652,0.71807647,0.0,0.117231995
0.6692904,0.5,0.2554217,0.6809136,0.0,0.42189747
0.8,0.75,0.59988004,0.7224393,0.59227055,0.26065254
0.7692308,0.75,0.999875,0.7686488,0.0,0.4993022
0.72727275,0.8333333,0.50027776,0.78713775,0.44145897,1.0
0.9285714,0.85714287,11002.0,0.8988393,0.8003203,0.3017728
0.6086956,0.61538464,0.450055,0.8409125,0.0,0.20863752
0.45869127,0.18181819,0.16698144,0.47408533,0.0,0.26214978
1.0,1.0,8000.0,1.0,0.7825423,0.97029775
0.7765187,0.6666667,0.76263344,0.8096745,0.0,0.19482955
0.6315789,0.7692308,0.08332639,0.74219847,0.0,0
0.8,0.9230769,3.2488756,0.85714287,0.0,1.0
0.9411765,1.0,0.16675925,0.87471163,0.0,0.7420768
0.75962573,0.72727275,0.25231588,0.9230543,0.29356816,0.99997675
0.9166667,1.0,0.99983335,0.98875916,0.47718972,1.0
0.42105263,0.54545456,0.044524066,0.5091206,0.0,0.26519075
0.6,0.61538464,0.08349304,0.68536294,0.0,0.27126133
0.9166667,0.8333333,0.39996,0.9285714,0.0,0.9763344
0.5,0.8,0.16675925,0.8,0.0,0.4536591
0.6655354,0.72727275,0.44439507,0.74799764,0.40955704,0.7882029
0.95652175,1.0,4.331889,0.9375,0.6342316,1.0
1.0,1.0,2000.0,1.0,1.0,0
0.64,0.5295436,0.1792381,0.697594,0.0,0.27108383
0.7619048,0.70990074,2.0,0.81321084,0.5085816,0.90514773
0.53333336,0.6666667,0.12523435,0.64867496,0.0,0.033220187
0.6956522,0.8333333,0.032148365,0.83357596,0.0,0.057023995
0.6086956,0.6666667,0.19236982,0.6137977,0.0,0.39975545
0.53333336,0.5714286,0.055660482,0.5262694,0.0,0.37943444
0.7826087,0.6666667,1.0833194,0.6855517,0.5542757,0.99855757
0.5555556,0.72727275,0.07691716,0.7975533,0.0,0.40301734
0.3586037,0.6,0.1700553,0.64519995,0.0,0.11277038
0.9855571,0.8,7501.0,0.9711141,0.88011175,1.0
1.0,1.0,5000.0,1.0,1.0,1.0
0.72727275,0.90909094,0.56255466,0.87753,0.3945881,0.9952011
0.61538464,0.5,0.0,0.5833983,0.0,0.08343344
0.6363636,0.5,0.24997917,0.5565241,0.0,0.6222775
0.93333334,0.90909094,4.995005,0.9316818,0.9204482,1.0
0.5925926,0.6666667,0.55162096,0.7200221,0.20353447,0.9785151
0.7105584,0.6,0.41926277,0.7520217,0.0,0.504301
0.54475856,0.5,0.3572347,0.63743526,0.3369123,0.42032996
0.5,0.5,0.16665278,0.60605544,0.0,0.9748608
0.6,0.71428573,0.4375703,0.6895236,0.0,0.7986804
0.8,1.0,0.21439794,1.0,0.0,1.0
0.90909094,1.0,2.997003,1.0,0.58843654,0.24847993
0.47056133,0.5,0.12507291,0.63524795,0.0,0.21813065
0.64917624,0.4768883,0.48282593,0.6540386,0.23901089,0.64032745
0.6666667,0.72727275,0.3332778,0.78571427,0.40330368,0.14321238
0.6666667,0.5714286,0.545405,0.6979413,0.55284595,0.10908368
0.6956522,0.8333333,0.50005555,0.73683614,0.45674855,0.62252265
0.6666667,0.5714286,0.87553114,0.88896906,0.50533223,0.37130487
0.55172414,0.6666667,0.20592906,0.7594677,0.0,0.24136259
0.7817146,0.5,1.0492243,0.7740957,0.34057683,0.6300915
0.95238096,1.0,2.6657782,0.9285714,0.40898353,1.0
0.75,0.7692308,1.79964,0.83623534,0.64758456,0.91680354
0.77162886,0.71428573,0.6248221,0.92788917,0.30330455,0.41484177
0.6666667,0.6666667,0.450055,0.7458751,0.0,0.64646554
0.7619048,0.90909094,1.7500625,0.9438439,0.48782456,0.94170177
0.83240575,0.7692308,4.5397296,0.87583566,0.0,0.52712184
0.45454547,0.6666667,0.15630274,0.5545479,0.0,0.085358985
0.9078906,0.8333333,1.29994,0.75622815,0.7061837,1.0
0.49724895,0.30769232,0.30024666,0.6310355,0.0,0.13660575
0.54545456,0.7692308,0.25014582,0.874608,0.0,0.99858063
0.8,0.7692308,0.7141837,0.82251674,0.0,1.0
0.62068963,0.71428573,0.6401468,0.748564,0.3256133,0.99485147
0.7407407,0.6666667,0.46432397,0.8305725,0.34232116,0.99947006
1.0,1.0,0.49975014,1.0,0.0,0
0.5263158,0.46153846,0.16665278,0.5693959,0.0,0.13441396
0.85714287,0.75,1.9990005,0.9,0.5077044,0.078939565
0.7826087,0.8333333,0.4206233,0.87105614,0.0,0.99932414
0.6666667,0.7692308,0.28569388,0.7575813,0.0,0.9999682
1.0,1.0,12000.0,1.0,1.0,1.0
0.6666667,0.6666667,0.4999375,0.8555303,0.45018628,0.62624186
0.5555556,0.5,0.3636033,0.5895755,0.24713854,0.51339895
0.85285085,0.90909094,2.6664445,0.9148418,0.6062018,0.92367464
0.61538464,0.5,0.21441326,0.8267063,0.0,0.9820851
0.7,0.46153846,0.30016997,0.66611487,0.0,0.586211
0.9411765,0.8888889,1.2496876,0.90744776,0.6084118,0.9942839
0.7,0.72727275,0.74990624,0.86792237,0.5542757,0.8544363
0.6363636,0.6,0.50018746,0.778002,0.45018628,0.26777318
0.42105263,0.44444445,0.08332639,0.6185527,0.0,0.608628
0.64285713,0.85714287,0.3929005,0.8636077,0.0,0.76059437
0.7619048,0.8333333,1.7080082,0.7995208,0.60102105,0.9591272
0.5263158,0.46153846,0.16665278,0.45817873,0.0,0.2697954
0.5714286,0.44444445,0.250125,0.57119614,0.0,0.025946673
0.75102556,0.54545456,0.5423102,0.62336534,0.0,0.44230694
1.0,1.0,6000.0,1.0,1.0,1.0
0.80423045,0.8888889,0.42879587,0.8888839,0.0,0.13768528
0.72479934,0.75,0.46663556,0.86785406,0.3404645,0.98025775
0.75,0.7692308,0.41663194,0.91256464,0.36646116,0.99388915
0.8181818,0.7692308,0.7503749,0.8372232,0.41722614,0.0576453
0.45454547,0.6666667,0.10005999,0.38983274,0.0,0.23086447
0.6956522,0.7692308,0.56280464,0.79657346,0.0,0.4333631
0.6381973,0.53333336,0.7857449,0.6006616,0.0,0.5923693
0.8,0.90909094,1.0,0.77380955,0.44828027,1.0
0.90909094,0.72727275,3.249875,0.9285714,0.5047314,0.7102507
0.8,0.7692308,3.2488756,0.7965934,0.5636826,0.99283224
0.7777778,0.8333333,0.9998,0.7985108,0.7057855,1.0
0.96,0.90909094,3.6654449,0.9583906,0.90157765,0.34508556
0.8888889,0.8888889,0.90002,0.8461517,0.43390855,0.9993773
0.6,0.53333336,0.12507291,0.7011819,0.0,0.5750442
0.7368421,0.9230769,0.0,0.94591504,0.0,0.35672206
1.0,1.0,9000.0,1.0,1.0,1.0
0.61538464,0.8,0.39992002,0.87498707,0.0,0.3912609
0.93210864,0.5,0.20864928,0.7504564,0.2620251,0.34015867
0.66499597,0.44444445,0.06679555,0.5826031,0.0,0.5442134
0.7411624,0.8,0.8331945,0.8264523,0.64832705,0.53041464
0.8,0.71428573,0.50027776,0.8303662,0.0,0.5551853
0.6086956,0.53333336,0.79401034,0.654071,0.412407,0.27615976
0.6666667,0.54545456,0.450055,0.7110671,0.0,0.28509384
0.8149148,0.8,5.0263343,0.987796,0.0,0.6332685
0.6896552,0.6666667,0.6363058,0.7572039,0.27061412,0.36636335
0.7085176,0.75,0.1930268,0.8437382,0.36510873,0.97767717
0.6,0.6666667,0.033397775,0.720641,0.0,0.6208441
0.6,0.53333336,0.16665278,0.5206207,0.0,0.99209267
0.5263158,0.8,0.16665278,0.7454433,0.0,0.9990601
0.7588653,0.6666667,0.37495312,0.8576681,0.0,0.6855536
1.0,1.0,9000.0,1.0,1.0,1.0
0.7447759,0.72727275,0.44439507,0.83763486,0.0,0.8440412
1.0,1.0,12.987013,1.0,1.0,1.0
0.4347826,0.36363637,0.15398815,0.47290182,0.241121,0.06225404
0.48,0.46153846,0.19998667,0.6041188,0.0,0.7770716
0.42348158,0.6666667,0.22219753,0.46933416,0.0,0.1337431
0.9166667,0.85714287,1.3331112,0.9615945,0.6057224,0.20277426
0.8695652,0.8333333,0.8127734,0.85714287,0.7272454,0.8357721
1.0,1.0,3000.0,1.0,1.0,1.0
0.5658729,0.8,0.07691716,0.554249,0.0,0.10151009
0.42105263,0.36363637,0.13644214,0.5430313,0.0,0.9349897
0.72727275,0.6666667,0.5001666,0.74031025,0.0,0.30045924
0.8333333,0.875,1.3331112,0.875,0.51825434,0.9999916
0.7760021,0.75,1.0004997,0.93120253,0.0,0.3912609
0.6115155,0.36363637,0.10005999,0.3932778,0.0,0
0.786028,0.45416608,0.5533584,0.76222634,0.3784272,0.21287732
0.6315789,0.72727275,0.07691716,0.76043963,0.0,0.96802425
0.8,0.8235294,0.53574747,0.8463148,0.55838865,0.33945155
0.7826087,0.6666667,1.1664722,0.80535114,0.2596536,0.7554267
0.66389793,0.6666667,0.281743,0.7593353,0.0,0.23790923
0.85714287,0.75,1.3328891,0.8,0.63120437,1.0
0.47619048,0.5,0.16681944,0.47560078,0.0,0.07398524
0.8888889,1.0,0.19998,0.8333333,0.6221959,0.9990402
0.75,0.85714287,0.19998,0.47565582,0.0,0
0.8235294,0.7692308,5.4955044,0.792033,0.55397433,0.9326094
0.6644727,0.5714286,0.25005355,0.7771468,0.21568665,0.16827737
0.83010453,0.7692308,0.70013,0.84581876,0.3498693,0.8764854
0.85714287,1.0,0.3332778,0.5,0.6384044,1.0
0.68954366,0.5714286,0.54170483,0.7871591,0.58609563,0.59888864
0.74567765,0.6666667,0.31832093,0.8815683,0.25080884,0.7606968
1.0,1.0,7000.0,1.0,1.0,1.0
0.875,0.75,2.4987507,0.8333333,0.6102259,1.0
0.7619048,0.7692308,0.75004166,0.81138086,0.0,0.73882085
0.88331836,0.875,1.2776802,0.89247984,0.57175183,0.19794701
0.6047755,0.53333336,0.25005355,0.5832024,0.0,0.38855267
0.6956522,0.85714287,1.0001667,0.85714287,0.25902215,0.9999466
0.6666667,0.8,0.31258592,0.61904764,0.0,0.99987113
0.95652175,0.93333334,1.4165972,0.9808966,0.6042095,0.9656606
0.6666667,0.5,0.16665278,0.6323195,0.0,0.15985121
0.7777778,0.6666667,0.5000714,0.7953069,0.0,0.13278988
0.78571427,0.7692308,1.1789362,0.8035714,0.57575756,0.8928719
0.8333333,0.90909094,0.83335185,0.77380955,0.25593105,0.99648315
0.95238096,0.9230769,3.998001,0.95576996,0.65594274,0.9498845
0.7876288,0.85714287,1.09998,0.9748769,0.3073232,0.9862108
0.6923077,0.5714286,0.13893673,0.65879595,0.38974714,0.98798954
0.6151216,0.72727275,0.046734184,0.7164693,0.0,0.45550767
0.6363636,0.61538464,0.55549383,0.7167368,0.0,0.99625427
0.8,1.0,1.9993335,0.9166667,0.8066149,1.0
0.6666667,0.8333333,0.15008499,0.4961359,0.0,0.9963373
0.5,0.5714286,0.30013996,0.4651202,0.0,0.9698135
0.7826087,0.85714287,0.55549383,0.9125742,0.55940044,0.9992147
0.34974077,0.4,0.027164742,0.52684426,0.0,0.052209307
0.6,0.6666667,0.3332963,0.69045013,0.0,0.6053277
0.85714287,0.8888889,0.79984003,0.72572875,0.40065852,0.8561263
1.0,1.0,5000.0,1.0,1.0,0
0.7407407,0.5714286,1.1251093,0.738742,0.6144777,0.71657676
0.72727275,0.7692308,0.44461727,0.8586988,0.5616072,0.9998138
0.7619048,0.6666667,1.4996251,0.7514599,0.62533987,1.0
0.5833333,0.8,0.19236982,0.69069487,0.0,0.14659685
0.72,0.75,0.8126484,0.7747534,0.39832872,1.0
0.5,0.72727275,0.0,0.87254673,0.0,0.40495718
0.7777778,0.7692308,0.75004166,0.8608137,0.39281464,0.28042457
0.9121279,0.5714286,1.2886424,0.8769791,0.0,0.17998607
0.7246383,0.5714286,0.55988616,0.6922329,0.20803353,0.3529559
0.82758623,0.85714287,0.7224753,0.9439412,0.44663382,0.95266104
0.8,1.0,0.74981254,0.9548324,0.0,0.38008916
0.47058824,0.8,0.16675925,0.59176916,0.0,0.4450117
0.44743672,0.30769232,0.08349304,0.3687342,0.0,0.2842229
0.6666667,0.7692308,0.39996,0.7740919,0.2709199,0.8251637
0.7,0.54545456,0.50025,0.56250185,0.537285,0.99997854
0.8673105,0.75,1.3335555,0.8744279,0.39809048,0.3324607
0.9,1.0,1.9993335,1.0,0.30657494,0.9480572
0.44444445,0.5,0.09090082,0.59514797,0.0,0.015337275
0.48,0.2,0.15414199,0.38894162,0.0,0.69511205
0.54841423,0.6,0.15383431,0.64752424,0.0,0.37653336
0.72188663,0.6666667,0.8634917,0.8206206,0.38605547,0.63629
0.7,0.8333333,0.2727025,0.6359092,0.0,0.25089464
0.56,0.7692308,0.21987505,0.6856879,0.0,0.8055678
0.8,0.7516142,6538.7144,0.7916671,0.5555238,0.50374943
0.5714286,0.5,0.10005999,0.57049274,0.0,0.97358906
0.6666667,0.6666667,0.390225,0.72089964,0.23733173,0.697555
0.70007616,0.75,0.54170483,0.71192247,0.42153457,0.065275565
0.7368421,0.6666667,0.27785802,0.6,0.0,0.3545284
1.0,1.0,6000.0,1.0,1.0,1.0
0.47058824,0.2,0.0,0.33506882,0.0,0.5162495
1.0,1.0,7000.0,1.0,1.0,1.0
0.27195948,0.5714286,0.04545248,0.5620809,0.0,0.76036495
0.7826087,0.8333333,0.55571604,0.7739282,0.63066405,1.0
0.72,0.5,0.60004,0.70802623,0.263342,0.9646997
0.5882353,0.6,0.09090082,0.65024775,0.0,0.20047657
0.94736844,0.8888889,0.9998,0.9166667,0.835841,1.0
0.875,1.0,0.8099656,0.9,0.34678096,1.0
0.883858,0.71428573,1.6253437,0.86206025,0.5452469,0.9747587
0.7826087,0.8,0.31805152,0.87594724,0.4406003,0.6798152
0.94736844,0.90909094,3.498251,0.94010633,0.66770136,0.8892173
0.9230769,1.0,3.996004,1.0,0.0,1.0
0.6666667,0.72727275,0.2727025,0.81888837,0.0,0.08074613
0.7826087,0.75,0.79106927,0.80485815,0.0,0.8780068
0.625,0.6,0.16675925,0.6173719,0.0,0.40646923
0.7,0.61538464,0.25007498,0.703956,0.0,0.12062121
0.83105004,0.6666667,0.2636357,0.75821495,0.4360673,0.5180145
0.62172174,0.6,0.38864535,0.66205186,0.0,0.9932658
0.8,0.90909094,0.8331945,0.8319679,0.451801,0.995507
0.7368421,1.0,0.9998,1.0,0.5738793,0.998699
0.83870965,0.875,1.0002339,0.96746534,0.35270205,0.7317756
0.80569345,0.6767689,0.3320824,0.8914818,0.26985535,0.7570653
0.7917348,0.75,4503.0,0.9459492,0.0,0.24946217
0.7798693,0.8,0.6668148,0.87087405,0.4602373,1.0
0.7,0.6,0.2727025,0.694258,0.28599644,0.27791283
0.5,0.36363637,0.21427041,0.4937171,0.2143247,0.45301756
0.5217391,0.6666667,0.833861,0.67277926,0.0,1.0
0.8,0.8,0.350065,0.6302627,0.0,0.65925175
0.71428573,0.8,0.11109877,0.86561227,0.0,0.5603675
0.6,0.48554352,0.13662395,0.6666667,0.0,0.8542681
0.875,0.75,0.3752031,0.9496087,0.0,0.3375643
0.35652542,0.4,0.0,0.55623287,0.0,0.19404562
0.7,0.72727275,0.57134694,0.81728673,0.0,0.35707003
0.6,0.90909094,0.035783157,0.7814161,0.0,0.36043215
0.6315789,0.75,0.3332963,0.58928573,0.0,1.0
0.6,0.7692308,0.14020161,0.8128483,0.0,0.99710685
0.9,0.8,1.2496876,0.94260275,0.658037,0.79009074
0.66244066,0.90909094,0.04174652,0.9384576,0.0,0.70113516
0.8888889,0.85714287,1.998002,0.875,0.83437014,1.0
1.0,0.8,4501.0,1.0,0.488923,0.9999799
0.99019,0.9230769,4.558713,0.87924796,0.6057224,0.95229906
0.8181818,0.8333333,0.22734296,0.78365433,0.0,1.0
0.9411765,0.9230769,5.994006,0.9285714,0.71291935,1.0
0.8,0.85714287,1.5832361,0.9189086,0.49632895,0.8443395
0.7590197,0.6666667,1.0003749,0.7866822,0.0,0.99641544
0.54545456,0.5714286,0.0,0.45,0.0,0.039887317
0.9230769,0.85714287,1.79964,0.8666869,0.68810856,1.0
0.33333334,0.53333336,0.14285034,0.5322254,0.0,0.1115087
0.93333334,0.85714287,0.59988004,0.92298955,0.7740016,0.9997185
0.7058824,0.54545456,0.79984003,0.7095687,0.6338849,0.99102587
0.5882353,0.5,0.0,0.63395876,0.0,0.99938625
0.7,0.85714287,0.25021872,0.875,0.0,0
0.82042474,0.72727275,0.58340275,0.92304826,0.6221959,0.97967273
0.5382296,0.46153846,0.0,0.48581088,0.0,0.93605185
0.6469861,0.6410993,0.16675925,0.84566265,0.0,0.5197631
0.6315789,0.8333333,0.80583096,0.8333333,0.0,0.79426926
0.52477014,0.22222222,0.06582735,0.5961975,0.0,0.20245802
0.7441686,0.9230769,0.07142347,0.9383775,0.0,0.23041932
0.85714287,0.8333333,1.4996251,1.0,0.7382849,1.0
0.8,1.0,0.9997501,0.864466,0.69825083,0
0.6,0.46153846,0.450055,0.7162966,0.3765475,0.9814995
0.6102606,0.5,0.42327514,0.69602424,0.0,0.49137092
0.94736844,0.8,2.5004997,1.0,0.64594,0.6732147
0.72727275,0.5,0.55549383,0.780712,0.5616072,0.96845305
1.0,1.0,6000.0,1.0,1.0,1.0
0.90909094,0.85714287,2.997003,0.9,0.58843654,0.568753
0.8448234,0.72727275,2.4997501,0.7891561,0.37597746,0.16296482
1.0,1.0,3000.0,1.0,1.0,0
0.78571427,0.8333333,0.12504375,0.90909094,0.0,0.99981445
0.6438896,0.5714286,0.23293918,0.6385569,0.0,0.42634857
0.8181818,1.0,2.3325558,0.8333333,0.0,0.01875975
0.90909094,0.9230769,1.2499584,0.9285714,0.59230334,0.999912
0.9411765,0.85714287,0.50025,0.9794501,0.7399198,0.38323382
0.6430484,0.5882353,0.032450918,0.6992672,0.0,0.30378205
0.7368421,0.8,0.39996,0.90609235,0.3207055,0.7851277
0.54545456,0.6666667,0.15383431,0.76111615,0.0,0.72965807
0.47616997,0.33333334,0.09090082,0.5177269,0.0,0.99951917
0.85714287,0.85714287,0.40015998,0.9237491,0.35499048,0.98953944
0.7718739,0.71428573,0.3387394,0.8102884,0.0,0.33858868
0.7725751,0.5,0.37505206,0.7942505,0.0,0.4751627
0.6315789,0.6,0.90002,0.5333958,0.57105577,1.0
0.6956522,0.90909094,0.4091446,0.69265497,0.0,0.9827052
0.8,0.8333333,0.7222531,0.90672034,0.653765,0.9890424
0.56,0.6666667,0.16685554,0.6842132,0.0,0.45883837
0.7154442,0.75,0.24996875,0.883992,0.0,0.053768184
0.85714287,1.0,0.38045916,1.0,0.0,1.0
0.5879209,0.29066256,0.25357938,0.54965705,0.0,0.60812306
0.6956522,0.6666667,0.2500625,0.7584452,0.0,0.9793719
0.5714286,0.4,0.35376832,0.5083564,0.38490117,0.16161063
0.540292,0.4334263,0.18071754,0.52481514,0.0,0.24256195
0.6666667,0.5714286,0.545405,0.6620298,0.4875396,0.22863637
0.71866304,0.6666667,1.0152688,0.72520566,0.40419146,0.26583758
0.8235294,0.8,0.79984003,0.87032783,0.6587902,0
0.8,0.72727275,1.001103,0.7868226,0.467138,0.867814
0.7619048,0.7692308,0.8368507,0.8073223,0.0,1.0
0.6931415,0.72727275,0.3636033,0.77873755,0.0,0.106511295
0.5428627,0.6666667,0.039884508,0.6143027,0.0,0.50834084
0.6666667,0.54545456,0.18180165,0.52869254,0.0,0.7472414
0.5,0.72727275,0.223793,0.5484821,0.0,0.637751
0.706383,0.5714286,0.24998437,0.7248392,0.3182272,0.9925801
0.82956547,0.7692308,0.68753904,0.91524094,0.2533088,0.99678886
0.72727275,0.75,0.66644454,0.8,0.0,0
0.84210527,0.75,0.9998,0.9919031,0.3294362,0
0.5555556,0.7692308,0.58340275,0.8136999,0.0,0.99708927
0.79619247,0.8502412,0.15028498,0.8870417,0.0,0.87498856
0.67637855,0.5714286,0.23528028,0.62494904,0.25593105,0.5429377
0.8888889,0.85714287,1.998002,0.875,0.0,0
1.0,1.0,9000.0,1.0,1.0,1.0
0.6666667,0.8639214,0.12510936,0.6278976,0.0,0.068579376
0.90909094,1.0,3.998001,0.9375,0.709838,1.0
0.72727275,0.7692308,0.50005555,0.81253004,0.48955643,0.58015865
0.44444445,0.85714287,0.08332639,0.55,0.0,0.54427123
0.5882353,0.36363637,0.42851022,0.5643293,0.34057683,0.957956
0.553351,0.3291508,0.075767696,0.6601503,0.0,0.11706797
0.95238096,0.90909094,6.4965034,0.94556695,0.3829409,1.0
0.7692308,0.5714286,0.31220752,0.5833333,0.0,0.07880456
1.0,1.0,6000.0,1.0,1.0,1.0
0.69438714,0.72727275,0.34954074,0.6892393,0.0,0.14040425
0.56829894,0.46651608,0.25570968,0.5254551,0.0,0.41636345
0.31578946,0.2,0.037092496,0.48302257,0.0,0.18234381
0.47011706,0.5,0.29763645,0.48622876,0.0,0.23636967
0.53333336,0.6666667,0.0,0.675,0.0,0.17310438
1.0,1.0,6000.0,1.0,1.0,1.0
0.6315789,0.8333333,0.22241972,0.9411118,0.0,0.9847438
0.54545456,0.61538464,0.21090278,0.7158912,0.0,0.23915477
0.8,0.6666667,1.0006665,0.9166667,0.0,0
0.7692308,0.8,0.0715612,0.73333335,0.0,0
0.65659404,0.72727275,0.035783157,0.8659651,0.0,0.99320346
0.75,0.8235294,0.25014582,0.7763451,0.0,0.6124436
0.7368421,0.8333333,1.1997601,0.8936651,0.52584606,0.3912609
0.8695652,1.0,1.6253437,0.7896816,0.0,0.999889
0.64,0.6666667,0.46311536,0.82698846,0.44534504,0.45430893
0.94437313,0.6666667,4501.0,0.92212236,0.6434589,0.08311546
0.8414857,0.90909094,0.85759175,0.9765143,0.40898353,0.97221714
0.7,0.61538464,0.3294877,0.7715065,0.34465605,1.0
0.8,0.8,0.0,1.0,0.0,0.17598195
0.956578,0.8333333,0.90002,0.7682004,0.33367106,0.121735275
0.550497,0.36363637,0.035257347,0.57507145,0.0,0.17585917
0.84210527,0.90909094,2.750125,0.77380955,0.0,0.9719247
0.6666667,0.61538464,0.12065772,0.75601715,0.2206983,0.29508054
0.7743789,0.90909094,0.17479189,0.7769793,0.0,0.7146691
0.85714287,0.8,1.5106442,0.8,0.4176338,0.997825
0.5555556,0.6666667,0.07691716,0.76999813,0.18235755,0.7899552
0.8333333,0.71428573,0.18748829,0.7887103,0.51825434,0.24362743
0.7,0.72727275,0.038930416,0.75725424,0.0,0.93858004
0.8333333,0.85714287,1.1426939,0.8104933,0.0,0.99999493
0.8,0.9230769,0.8331945,0.9285714,0.49589726,0.9522996
0.6666667,0.6666667,0.117738105,0.80218923,0.0,0.6531694
0.8,0.8,0.7141837,0.9290631,0.31545955,0.93915683
0.75,0.90909094,0.49991667,0.85714287,0.5763252,0.03574346
0.8,0.61538464,1.3997201,0.693318,0.69723105,0.236662
0.6315789,0.6666667,1.8337221,0.6112791,0.0,0.46827307
0.8181818,0.90909094,1.3331112,0.8518131,0.67557484,0.17924464
0.8,0.7692308,0.4999375,0.8429623,0.0,0.6264531
0.8554955,0.90909094,1.1248593,0.8963707,0.36915037,0.6776441
0.7619048,0.8333333,0.64290816,0.7451615,0.5649399,0.91025084
0.64,0.6666667,0.59994,0.7619041,0.30186725,0.77121806
1.0,1.0,10000.0,1.0,1.0,1.0
0.75,0.8,0.350065,0.754998,0.0,0.3963578
0.6661106,0.33333334,0.28020674,0.60978496,0.2523657,0.41013172
0.55172414,0.6666667,0.23528028,0.5059774,0.36618552,0.8609546
0.48450235,0.3529412,0.23572987,0.5207936,0.0,0.15259525
0.81932765,0.75,4505.0,0.8952788,0.0,0.8430634
0.7816041,0.71428573,0.75003123,0.75790155,0.48782456,0.9879702
0.84210527,1.0,0.90002,0.9166667,0.0,0.99727625
0.625,0.5,0.34246626,0.64145106,0.0,0.91533494
0.6315789,0.61538464,0.5000714,0.61904764,0.4391358,0.83941925
0.625,0.6666667,0.09999,0.73923767,0.40752342,0.17023951
0.7692308,0.6666667,0.14283673,0.6,0.0,0
0.9317108,0.8333333,2.4988816,0.9651025,0.6678673,0.42174715
0.5,0.375,0.41905966,0.49512836,0.0,0.48416573
0.7368421,0.8,0.6665556,0.8846506,0.63725764,0.9879052
1.0,1.0,7000.0,1.0,1.0,1.0
0.45401114,0.510914,0.11109877,0.55254936,0.0,0.9954089
0.97292316,0.6666667,1.8421435,0.961822,0.51217604,0.25642103
0.6363636,0.85714287,0.19236982,0.85882175,0.0,0.17619042
0.4347826,0.61538464,0.0,0.6480278,0.0,0.29153246
0.33333334,0.5,0.16675925,0.4032783,0.0,0.030300286
0.6666667,0.72727275,0.22241972,0.7157695,0.0,0.33016843
0.84210527,0.72727275,6.4945054,0.77380955,0.5611656,1.0
0.75,0.7692308,1.7500625,0.8554722,0.53607786,0.40555078
0.7,0.8,0.18180165,1.0,0.30657494,0.42000967
0.5714286,0.42857143,0.3182438,0.45571396,0.34950668,0.9607604
0.75,0.8888889,0.87503123,0.9,0.0,0.25248575
0.8888889,1.0,6501.0,1.0,0.66063285,1.0
0.6110425,0.5,0.56280464,0.84641117,0.25096563,0.3039811
0.7368421,0.8333333,0.90002,0.7782182,0.34678096,0.83387595
0.8888889,0.875,3.1659446,0.88191223,0.7304564,0.9999848
0.6666667,0.7692308,0.10837027,0.74959993,0.0,0.19296595
0.54831165,0.47058824,0.0,0.58609265,0.0,0.16100428
0.6632713,0.61538464,0.3182438,0.83222973,0.38407823,0.6204828
0.7,0.72727275,0.29997,0.7263327,0.0,0.2893817
0.7058824,0.72727275,0.3572347,0.81068176,0.0,0.94083863
0.8,0.90909094,1.3328891,0.90368575,0.0,1.0
0.66854167,0.53333336,0.36378512,0.67369115,0.26350462,0.07253871
0.72,0.75,0.85702044,0.75,0.73983824,0.15474103
0.6,0.72727275,0.22891925,0.6666667,0.0,0.83394575
0.93333334,0.8888889,4.995005,0.94280446,0.40013805,0
0.90379936,0.75,4.4985013,0.8672779,0.55397433,0.10579319
0.9148843,0.9230769,13.079829,0.8905482,0.7141041,0.98283005
0.5833333,0.6666667,0.1666574,0.75275475,0.0,0.5421602
0.5601175,0.6666667,0.0,0.59789103,0.0,0.4046405
0.7261229,0.6666667,0.8340553,0.82837737,0.0,0.15554534
0.6666667,0.6666667,0.15008499,0.7561957,0.0,0.7176171
0.6087656,0.42857143,0.15791109,0.63210297,0.0,0.56862247
0.625,0.47191158,0.87503123,0.58531034,0.0,4.2719967E-4
0.3,0.33333334,0.0,0.53973573,0.0,0.24155755
0.5341361,0.4,0.14187695,0.7213813,0.0,0.53095335
0.6363636,0.6666667,0.10856621,0.8433885,0.0,0.85624284
0.6666667,0.6666667,0.45450413,0.8805135,0.25402075,0.41293865
0.84615386,0.8,1.49975,0.8244365,0.7794943,0.8471133
0.93333334,0.85714287,2.4987507,0.9344488,0.5131368,0.8335005
0.6956522,0.71428573,0.08840656,0.6894611,0.0,0.41494423
0.6666667,0.5,1.055956,0.53333336,0.0,0.9934226
0.7368421,0.54545456,0.07843981,0.6668924,0.0,0.9030341
0.9495777,0.85714287,6992.483,0.9193243,0.7506239,0.582979
0.8181818,0.90909094,1.8747813,0.92405117,0.6062018,0.99720377
0.88,1.0,1.3331112,0.90314215,0.67557484,0.9096233
0.5882353,0.54545456,0.3572347,0.674412,0.0,0.83786154
0.5714286,0.36363637,0.2308284,0.74700445,0.38149345,0.87429076
0.8238719,0.54545456,1.60008,0.8144105,0.5550268,0.8329715
0.46153846,0.61538464,0.269287,0.45776266,0.0,0.6690464
0.6315789,0.7692308,0.07149489,0.80450106,0.0,0.9090605
0.9411765,0.90909094,5.994006,0.9166667,0.93167,1.0
0.47302297,0.4,0.0,0.40467107,0.0,0.6096847
0.67373973,0.4,0.27288428,0.6406967,0.0,0.28524077
0.72,0.61538464,0.6665926,0.49275884,0.5018955,0.7451489
0.6086956,0.9230769,0.24997917,0.79548854,0.0,0.44511715
0.625,0.5,0.09999,0.65625036,0.0,0.4814129
0.42857143,0.6,0.124984376,0.6916538,0.0,0.41636246
0.6666667,1.0,0.31258592,0.9166667,0.0,0.32040188
0.7368421,0.72727275,0.57134694,0.692124,0.48257303,0.9952646
0.42105263,0.4,0.09108263,0.5163573,0.0,0.3112969
0.7777778,0.85714287,0.08332639,0.9375,0.0,0.78346974
0.92307645,0.93333334,1.3570918,0.94230694,0.7121029,0.3612374
0.89205253,0.72727275,0.24997917,0.80845445,0.0,0.6910038
0.84615386,0.85714287,2.6245937,0.908134,0.72415775,0.71095145
0.8116714,0.61538464,0.7615845,0.7300841,0.31076026,0.26660222
0.5,0.6666667,0.21439794,0.660453,0.0,0.9762113
0.7692308,0.61538464,0.14894174,0.61616886,0.0,0.20872876
0.8333333,0.90909094,0.77769136,0.79348904,0.0,0.9168478
0.5263158,0.54545456,0.12507291,0.60364646,0.0,0.3339052
0.6666667,0.44444445,0.055660482,0.54450077,0.40013805,0.5079649
1.0,1.0,7000.0,1.0,1.0,1.0
0.53333336,0.6666667,0.30053988,0.71181285,0.0,0.55028754
0.7849843,0.71428573,1.3003399,0.9124665,0.5077499,0.97034293
0.8181818,0.71428573,8002.0,0.72021294,0.63155526,1.0
0.90909094,0.9230769,4.497751,0.875,0.5266118,0.85050535
0.6666667,0.6666667,0.27785802,0.47517297,0.0,0.99961936
0.5217391,0.46153846,0.103524186,0.56271195,0.0,0.5546473
0.7777778,0.8,1.2496876,0.8333333,0.48763332,0.5189321
0.8,0.8,0.4091446,0.8,0.5077499,0.6148005
0.6326673,0.7869967,0.50058323,0.7823343,0.0,0.9981682
0.33333334,0.5,0.04174652,0.6352468,0.0,0.09585758
0.8695652,0.875,1.0714184,0.8263889,0.57368314,0.18336563
0.5714286,0.6169589,0.25005355,0.50029117,0.0,0.86879826
0.71428573,0.75,0.99966675,0.6873553,0.4514201,0.9727058
0.9230769,0.85714287,0.50083303,0.875,0.7193648,0.7469926
0.57533616,0.6666667,0.21439794,0.81060505,0.0,0.9185287
0.67303956,0.44444445,0.16665278,0.78864664,0.0,0.122861475
1.0,1.0,3000.0,1.0,1.0,1.0
0.59415,0.53333336,0.2812949,0.5612858,0.28177103,0.9830487
0.5263158,0.54513586,0.13662395,0.6050154,0.0,0.8538173
0.54545456,0.54545456,0.2917257,0.85287595,0.0,0.83314484
0.63981616,0.33333334,0.2917257,0.5886528,0.34616867,0.98706603
0.56898093,0.42857143,0.42879587,0.51303643,0.0,0.99995995
0.85714287,0.8888889,0.39992002,0.9,0.0,1.0
0.8,0.90909094,0.035783157,0.85714287,0.36016113,0.99833226
0.5714286,0.5770911,0.19096002,0.5702706,0.29136032,0.72140247
0.8,0.8,0.28567347,0.7143357,0.0,0.20264317
0.7,0.9230769,0.3752031,0.94607204,0.0,0.89363456
0.72,0.71428573,0.11764014,0.7103659,0.24104728,0.686585
0.75,1.0,0.55571604,1.0,0.0,0.9996462
0.56933427,0.75,0.18180165,0.85296077,0.0,0.14083579
0.4965015,0.72727275,0.08332639,0.7868511,0.0,0.019305268
0.5555556,0.6666667,0.08332639,0.6277694,0.0,0.8469245
0.5788793,0.5,0.15383431,0.63685745,0.0,0.9546274
0.94736844,0.90909094,6.993007,0.9285714,0.7028557,0.99718785
0.6956522,0.6666667,1.30014,0.66964287,0.30174312,0.4199
0.5305029,0.44077498,0.032046434,0.60604215,0.0,0.42634553
0.7619048,0.8,0.14284694,0.82552487,0.3207055,1.0
0.6451613,0.5555556,0.39997333,0.79447865,0.3393683,0.13242963
0.90909094,1.0,2.997003,1.0,0.0,1.0
0.45260614,0.6,0.0,0.57703346,0.0,0.37653714
0.6086956,0.6666667,0.67293066,0.6770535,0.27600178,0.41830266
0.6666667,0.44444445,0.41513178,0.46696883,0.0,0.15955971
0.63879204,0.61538464,0.37505206,0.7838777,0.4901347,0.2705496
1.0,1.0,11000.0,1.0,1.0,1.0
0.5,0.5714286,0.25020036,0.70672095,0.0,0.75067973
0.4,0.30769232,0.035783157,0.47528964,0.0,0.27251366
0.45454547,0.5714286,0.0,0.58498996,0.0,0.93258345
0.6666667,0.44444445,0.027831787,0.78002983,0.0,0.45370427
0.7692308,0.54545456,0.81449336,0.8240965,0.0,0.17266905
0.56,0.61538464,0.15630274,0.6400721,0.0,0.2733161
1.0,1.0,13000.0,1.0,1.0,1.0
0.6086956,0.7058824,0.45450413,0.74597675,0.51955163,0.9259267
0.8640308,0.8888889,2.646327,0.70846456,0.48326978,0.1759916
0.375,0.4,0.050094992,0.41629732,0.0,0.3161281
0.7814107,0.8,1.0833194,0.888795,0.32957432,0.23276898
0.7,0.7692308,0.24997917,0.72258955,0.28967637,0.75137436
0.6,0.72727275,0.15383431,0.7204939,0.0,0.49720624
0.7890409,0.5714286,0.34620413,0.744895,0.3260807,0.7747468
0.8,0.8,2.39992,0.8732509,0.68047935,1.0
0.7845805,0.72727275,0.51123464,0.95067114,0.0,0.27107498
0.6363636,0.5,0.5003571,0.732813,0.46173662,0.99491084
0.72727275,0.72727275,1.0001999,0.77405965,0.0,0.58180255
0.5555556,0.6666667,0.16675925,0.7045595,0.0,0.9983243
0.84001285,0.75,1.0624921,0.84441954,0.7206493,0.5983805
0.8333333,0.8333333,0.999875,0.8945004,0.6591844,0.9883029
0.6956522,0.8,0.36378512,0.8021838,0.36044976,0.9628539
0.9230769,0.8888889,3.996004,0.9,0.54659903,0.99951166
0.7619048,0.8333333,0.44439507,0.98548293,0.3718293,0.92042625
0.7,0.6666667,0.25007498,0.84823287,0.0,0.18748498
0.814111,0.6666667,0.4231213,0.8431447,0.46418202,0.35407984
0.7619048,0.71428573,0.06666222,0.7291667,0.0,1.0
0.61054426,0.6666667,0.33293056,0.8739797,0.0,0.22228749
0.7058824,0.6,0.19998,0.5646814,0.0,0.5095046
0.866785,0.5714286,1.1249688,0.7747383,0.5232023,0.4745355
1.0,1.0,4000.0,1.0,1.0,1.0
0.8235107,0.75,0.081212334,0.7543844,0.0,0.20803855
0.6917332,0.7683708,0.35711735,0.9128503,0.3975922,0.81780154
0.94736844,1.0,1.9993335,0.974703,0.835841,1.0
0.6923077,0.6357382,0.550045,0.8414202,0.2775134,0.86975867
0.7619048,0.8235294,0.40006,0.8604142,0.3142705,0.5889817
0.6666667,0.71428573,0.055552468,0.7693578,0.0,0.963511
0.9230769,0.90909094,0.99966675,0.9166667,0.0,0.076863304
0.57477105,0.54545456,0.09523356,0.7334191,0.0,0.43154293
0.8,0.8,1.3328891,0.73333335,0.45002833,0.7561015
0.4929742,0.46153846,0.06666222,0.5195298,0.0,0.12814373
0.625,0.75,0.09999,0.9017448,0.0,0.20790625
0.81158566,0.71428573,1.5006249,0.9339517,0.54910046,0.9896707
0.64,0.6666667,0.16672222,0.6149685,0.0,0.4873378
0.9411765,0.90909094,2.3325558,0.9261558,0.8170465,0.679641
0.71011686,1.0,1.2557366,0.8402043,0.0,0.9987139
0.71428573,0.7777778,1.4283674,0.91570306,0.7256637,0.95755917
0.53333336,0.6666667,0.50009996,0.7659866,0.0,1.0
0.6139727,0.46153846,0.2917257,0.50862443,0.23683481,0.9012794
0.93333334,0.90909094,0.59988004,0.9257505,0.7740016,1.0
0.64,0.5,0.30782247,0.6330459,0.0,0.9891546
0.75,0.8888889,0.87503123,0.86921114,0.0,0.9977062
0.77789366,0.78505176,0.78321147,0.88536906,0.35684207,0.09678112
0.5882353,0.8,0.09999,0.85779256,0.0,1.0
0.83784854,0.8333333,0.62492186,0.85895795,0.7070488,0.9971412
1.0,1.0,11000.0,1.0,1.0,1.0
1.0,1.0,4.497751,1.0,0.73613036,0.9836151
0.90909094,0.90909094,2.2494376,1.0,0.5684106,0.98404515
0.7826087,0.7692308,0.62492186,0.74110216,0.66524297,0.9665652
0.5714286,0.4,0.22734296,0.40239996,0.27518448,0.99011165
0.26666668,0.18181819,0.045543384,0.39567667,0.0,0.31323522
0.85714287,0.9230769,1.3997201,0.9679749,0.6678673,0.999952
0.9099517,0.8333333,1.7500625,0.8456878,0.50084466,0.99932224
0.7778843,0.7692308,0.37521872,0.8064181,0.3182272,0.19919881
0.93333334,1.0,0.5025995,0.75808126,0.0,1.0
0.6546761,0.4,0.0,0.6960744,0.0,0.15428548
0.8181818,0.71428573,0.6665926,0.74459773,0.5213018,0.9550204
0.5882353,0.6666667,0.22219753,0.80478966,0.39268455,0
0.9285714,0.93333334,5.4972515,0.8830108,0.7419447,0.99998975
0.5112952,0.6666667,0.115452655,0.74340403,0.0,0.36542484
0.90909094,0.93333334,2.3746564,0.98115873,0.77208143,0.40792778
0.6153098,0.5551567,0.2047662,0.46411812,0.0,0.66610694
0.85714287,0.7692308,7.4935064,0.79057455,0.8330935,0.99996114
0.72,0.72727275,0.50027776,0.71428573,0.0,0.9989856
0.5714286,0.54545456,0.450055,0.5203053,0.31851897,0.30772763
0.6086956,0.53333336,0.23075148,0.5988067,0.45674855,0.24076614
0.8333333,0.8,1.0124452,0.8,0.0,0.99938065
0.7826087,0.8,0.7860306,0.82807565,0.0,0.99238354
0.8148148,0.85714287,0.2666489,0.8332943,0.3953647,1.0
0.6315789,0.6666667,0.5000714,0.5625,0.0,0.26625907
0.75,0.8333333,0.550045,0.7291833,0.3575606,0.16230093
0.8181818,1.0,0.2727025,1.0,0.0,1.0
0.5714286,0.61538464,0.24997917,0.6247111,0.0,0.48538563
0.42857143,0.6666667,0.0,0.6,0.0,0.39092153
0.75,0.6666667,1.8330556,0.7261769,0.4990657,0.25841862
0.6363636,0.7692308,0.40548766,0.782532,0.2206983,0.35120612
0.25,0.22222222,0.09090082,0.2937392,0.0,0.6735392
0.70512587,0.85714287,0.40015998,0.8901079,0.2709199,0.9855962
0.625,1.0,0.24996875,0.8333333,0.0,0.7088486
0.7619048,0.8,0.64290816,0.83250254,0.38606572,0.20140888
0.82758623,0.8,3.2496877,0.89019865,0.511074,0.99999315
0.72,0.7692308,0.37505206,0.7555011,0.42204213,0.54458064
0.875,0.8333333,0.24996875,0.8633718,0.6102259,1.0
0.6315789,0.72727275,0.37495312,0.78694755,0.0,0.5499925
0.8,0.6666667,0.75004166,0.75652695,0.44828027,0.99972165
0.44444445,0.75,0.13644214,0.4992929,0.0,0.5412005
0.9,1.0,0.6993476,1.0,0.45539603,1.0
0.69704574,0.7692308,0.47663745,0.7422157,0.0,0.9509083
0.8695652,0.85714287,0.85702044,0.9444444,0.36955833,0.99696046
0.84210527,0.8888889,0.91112435,0.8333333,0.33367106,1.0
0.88,0.85714287,4.9975014,0.8816763,0.8083829,0.7361865
0.8,0.71428573,0.1499925,0.64929456,0.49632895,0.9887453
1.0,1.0,13000.0,1.0,1.0,1.0
0.5217391,0.72727275,0.3636033,0.56141746,0.0,0.9865579
0.5833333,0.53333336,0.089778356,0.7100618,0.0,0.9986565
0.64285713,0.8,0.21879883,0.81527925,0.22868069,0.37227213
0.9411765,0.8888889,6.0635705,0.9506011,0.7436586,0.9998461
0.6666667,0.5,0.4091446,0.64796025,0.45171988,0.12580895
0.8795967,0.6666667,1.09998,0.8634647,0.6418957,0.18439947
0.8333333,0.8888889,0.49987504,0.9,0.0,0.2965681
0.625,0.8,1.0257047,0.8,0.37515965,0.99483997
0.73333335,0.6666667,0.5001923,0.79419106,0.33742034,0.94303906
0.5882353,0.6666667,0.5835694,0.55,0.0,0.9995515
0.7826087,0.7692308,0.5000455,0.77951956,0.2899313,0.9985624
1.0,1.0,0.6250937,0.8,0.0,0.07083621
0.8094705,0.8888889,1.2407545,0.9379939,0.48257303,0.99971575
0.64,0.6666667,0.11764014,0.8030269,0.0,0.8172023
1.0,1.0,11000.0,1.0,1.0,1.0
0.6409359,0.72727275,0.24990314,0.59176415,0.294985,0.8661266
0.6666667,1.0,0.19998,1.0,0.35732386,0.950074
0.71428573,0.85714287,0.39992002,0.7846395,0.0,0.28704312
0.54545456,0.5714286,0.18147168,0.6575062,0.2346235,0.81095093
0.72727275,0.71428573,0.450055,0.7885134,0.23313326,0.99966085
0.6317494,0.5714286,0.18191311,0.7416289,0.0,0.38691694
0.5714286,0.6666667,0.14283673,0.7600692,0.42692676,0.24059162
0.7692308,0.6666667,3.4975026,0.7341633,0.48600292,0.37971067
0.4092612,0.15384616,0.027831787,0.6996908,0.0,0.614776
0.7619048,0.9230769,0.3752031,0.9875335,0.0,0.7633016
0.47619048,0.5,0.06262109,0.6184536,0.0,0.16645712
0.7058824,0.6666667,1.2501874,0.7978045,0.294985,0.85947484
0.84210527,0.90909094,0.5000714,0.9166667,0.7057855,0.97724456
0.52842027,0.375,0.40983233,0.46151322,0.20448007,0.5675797
0.90909094,0.85714287,2.9990003,0.73333335,0.6166923,1.0
0.84615386,0.6666667,0.77955234,0.9502606,0.0,0.67285293
0.7777778,0.85714287,1.1254686,0.80649894,0.0,0
0.6666667,0.6,0.1666389,0.71428573,0.0,0
0.8,0.71428573,0.8331945,0.7619048,0.58997,1.0
0.7777778,0.6666667,0.90002,0.6666667,0.4563894,0.91528106
0.8630746,0.8,0.8331945,0.9022402,0.66063285,0.93977344
0.6787398,0.8631115,0.2083993,0.78201604,0.25096563,0.6891856
0.6956522,0.71428573,0.23075148,0.7845621,0.37556937,0.6561038
0.90909094,1.0,0.66644454,1.0,0.87991786,1.0
0.64,0.54545456,0.37505206,0.67186314,0.0,0.2960818
0.9230769,0.8888889,3.996004,0.9,0.90455335,1.0
0.5,0.44444445,0.3182438,0.6926644,0.356899,0.57430685
0.9235448,0.8,3.332889,0.936949,0.82121474,0.3982385
0.7368421,0.72727275,0.74990624,0.75533175,0.42800882,0.78298837
0.6666667,0.36363637,0.550245,0.4642857,0.0,0.3278611
0.7619048,0.85714287,2.0,0.8838973,0.49731448,0.5921287
0.42857143,0.44444445,0.0715612,0.6020731,0.0,1.0
0.9230769,0.8888889,3.996004,0.9,0.90455335,1.0
0.7692308,0.7692308,1.1874765,0.8323138,0.4864082,0.95274806
0.8002592,0.9230769,0.41663194,0.75595325,0.50478166,0.99335116
0.6372018,0.61538464,0.05893771,0.51227957,0.0,0.0239574
0.7,0.7692308,0.4999375,0.7199722,0.37991783,0.30507252
1.0,1.0,4000.0,1.0,1.0,1.0
0.5714286,0.4,0.124984376,0.43373063,0.0,0.5591618
0.9104179,0.75,0.550245,0.9794291,0.49479955,0.9839221
0.81426185,0.71428573,0.77769136,0.85975236,0.34298742,0.32680494
0.7777778,0.8888889,1.6661114,0.85714287,0.78533727,0.8483482
0.5481577,0.36363637,0.25021872,0.61635387,0.0,0.22317874
0.71428573,1.0,0.99966675,0.75,0.0,0.97785383
0.65827894,0.6,0.2803617,0.67061645,0.0,0.22385049
0.9864162,0.8333333,6503.0,0.9728325,0.7825423,0.9999961
0.8695652,0.84210527,1.4165972,0.8621486,0.6591844,0.98083216
0.94736844,0.8888889,1.9995002,0.6952339,0.48782456,0.87619686
0.88,0.8333333,1.5996801,0.8660714,0.5931576,0.58690286
0.6923077,0.61538464,0.9170138,0.82192415,0.50478166,0.99947214
1.0,1.0,12000.0,1.0,1.0,1.0
0.50673985,0.46153846,0.19236982,0.5990513,0.0,0.6301281
0.7271289,0.53333336,0.28583673,0.7780618,0.33433384,0.41057658
0.5833333,0.6666667,0.19998667,0.7231385,0.0,0.10494431
0.6086956,0.54545456,0.5840693,0.4831051,0.0,0.26633838
0.625,0.5714286,0.58340275,0.63603824,0.0,0.99896497
0.53333336,0.6,0.11109877,0.6810709,0.0,0
0.5263158,0.61538464,0.038535498,0.5,0.0,0.99420416
0.9411765,1.0,1.6661114,1.0,0.93167,1.0
0.8,0.85714287,0.9995003,0.875,0.0,0
0.47058824,0.6,0.050094992,0.55,0.0,1.0
0.8,0.8333333,0.77769136,0.79396814,0.43433198,0.1855179
0.83870965,0.8235294,1.3749532,0.8669217,0.3853857,0.8498632
0.7,0.85714287,0.16665278,0.98630327,0.0,0.99896413
0.8002592,0.85714287,0.15630274,0.8594054,0.0,0.21615285
1.0,1.0,8000.0,1.0,1.0,1.0
0.6144286,0.5,0.05882007,0.6432925,0.0,0.21615285
0.9135906,0.75,9.994006,0.9669655,0.56646854,0.36050472
0.7368421,0.6666667,0.27288428,0.73993045,0.0,0.80913955
0.8333333,0.8,0.37515622,0.8,0.0,1.0
0.68905604,1.0,1.998002,0.93066,0.0,0.499672
0.8,0.72727275,0.0,0.73333335,0.0,0.76341814
0.7624439,0.6666667,0.39968577,0.80743045,0.0,0.856441
0.5,0.75,0.11109877,0.70494974,0.0,0.99274886
0.8235294,0.6666667,0.6002799,0.93519425,0.5041101,0.53294086
1.0,1.0,8000.0,1.0,1.0,1.0
0.8888889,0.85714287,1.9995002,0.8837544,0.6545227,0.41035795
0.7835073,0.6666667,0.33000988,0.759789,0.0,0.13118264
0.9906209,0.8,4.248376,0.98749465,0.7348889,0.23392782
0.8888889,0.8888889,1.6661114,0.9166667,0.0,0.9996448
0.9,0.8888889,3.498251,0.94528145,0.79403526,0.26354963
0.8235294,0.85714287,1.3576076,0.88487893,0.52391654,0.94842154
0.72,0.7692308,0.5000455,0.70236635,0.5437428,0.9911091
0.8181818,0.90909094,0.39996,0.89848703,0.38257155,1.0
1.0,1.0,4000.0,1.0,1.0,1.0
0.7,0.9230769,0.44439507,0.9285714,0.0,0.984161
0.7619048,0.7692308,0.62492186,0.7351558,0.47469726,0.9987291
0.95561665,0.8333333,12002.0,0.9282039,0.8153551,0.4020865
0.758841,0.90909094,0.68753904,0.8676029,0.42800882,0
0.8,1.0,6.4965034,0.9285714,0.0,1.0
0.8,0.8333333,0.44439507,0.90337694,0.0,0.64430875
0.8695652,0.9230769,0.85702044,0.91873294,0.6678673,0.9856179
0.8181818,0.8333333,0.74990624,0.8560749,0.33837068,0.9120752
1.0,1.0,1.9995002,1.0,0.6930601,1.0
0.5714286,0.6,0.06666222,0.53720635,0.0,0.16510683
0.8888889,0.8333333,1.2496876,0.901539,0.7650373,0.9841283
0.8339374,0.6666667,0.4999375,0.78411156,0.5451759,0.9707719
0.5555556,0.54545456,0.37495312,0.6543116,0.48281607,0.9278634
0.5263158,0.54545456,0.18180165,0.70997167,0.0,0.014341643
0.3529412,0.6666667,0.09090082,0.46595722,0.0,-0.02053235
0.73707336,0.75,0.83357406,0.79570997,0.44947714,0.8890764
0.5714286,0.54545456,0.11109877,0.6172679,0.0,0.9525299
0.5,0.85714287,0.1666389,0.51965284,0.0,0.094584174
0.95750594,0.7692308,3.1666112,0.9543168,0.71426684,0.40503672
0.6666667,0.7692308,0.7141837,0.6301806,0.48935488,0.21189626
0.36063918,0.47446063,0.0,0.44493008,0.0,0.8721417
0.7,0.6666667,0.44439507,0.62314373,0.0,0.6565242
0.6956522,0.71428573,0.49995,0.83583325,0.35655063,0.9872592
0.6315789,0.7692308,0.22241972,0.7857463,0.0,0
0.8,0.8,0.8125234,0.89388216,0.4602373,0.9935605
0.5217391,0.5714286,0.14284694,0.67709625,0.0,0.49400267
0.94736844,1.0,0.57134694,1.0,0.7028557,1.0
0.7619048,0.85714287,0.2727025,0.8632428,0.5023105,0.9522117
0.5,0.54545456,0.16665278,0.6114515,0.0,0.1484036
0.875,1.0,0.16675925,0.9166667,0.0,0.6030122
0.63370943,0.54545456,0.045541316,0.46028674,0.0,0.15122184
1.0,1.0,4000.0,1.0,1.0,1.0
0.3891204,0.33333334,0.0,0.44604078,0.0,0.11630275
0.7691681,0.8333333,6.0454264,0.8213364,0.49731448,0.9902777
0.45454547,0.4,0.10720663,0.5555604,0.25096563,0.22546667
0.4347826,0.4,0.076850824,0.435873,0.0,0.5024853
0.94736844,0.90909094,3.498251,0.96795183,0.58997,0.15416129
0.77340436,0.71428573,0.57430136,0.8684912,0.5047314,0.1593158
0.88,0.8333333,0.650035,0.8546738,0.0,0.96333224
0.90909094,0.8888889,3.498251,0.9148514,0.8164296,0.52527755
0.7572512,0.75,1.1400837,0.7179565,0.2914068,0.9992379
0.5,0.6666667,0.09999,0.5029053,0.0,0.055402204
0.27110347,0.14285715,0.0,0.4979595,0.0,0.1589152
0.73715633,0.36363637,4.4876494,0.6574926,0.37596634,0.32744652
0.52992946,0.611861,0.18761328,0.6639832,0.0,0.9410531
0.6666667,0.8888889,1.1666111,0.9,0.4264417,0.876785
0.41666666,0.26666668,0.16698608,0.26203793,0.0,0.26569924
0.8695652,0.8,2.1252186,0.9107167,0.6492405,0.9913169
0.8,0.8,0.59988004,0.8,0.45002833,0.3452194
0.65074307,0.33333334,0.10536288,0.4833873,0.0,0.20140873
1.0,1.0,4000.0,1.0,1.0,1.0
0.5714286,0.6666667,0.30013996,0.62566173,0.0,0.31408098
0.8181818,0.85714287,0.83352774,0.81333846,0.5945548,0
0.625,0.6666667,0.09999,0.6666667,0.0,0.98840725
0.6666667,0.8,0.0,0.7597868,0.0,1.0
0.35233805,0.4812744,0.0,0.4403575,0.0,0.042747594
0.7122955,0.5714286,0.2694408,0.71606606,0.0,0.21120733
0.6666667,0.46153846,0.42142788,0.6622187,0.0,0.17012317
0.72727275,0.6666667,0.49995,0.68476725,0.6375076,0.9971219
0.68262297,0.740209,0.115452655,0.64924985,0.0,0.9706918
0.9434813,0.7692308,2.3332222,0.7910564,0.6678673,0.96076334
0.6086956,0.5,0.62517184,0.63005143,0.3031009,0.21878348
1.0,1.0,9.99001,1.0,1.0,1.0
0.5862462,0.46153846,0.0,0.5899508,0.0,0.17096335
0.8235294,0.6273031,1.1249688,0.8160582,0.0,0.47441182
0.94736844,0.90909094,6.993007,0.9166667,0.94005585,1.0
0.8695652,0.8888889,0.62492186,0.9375,0.0,1.0
0.84210527,0.7692308,5.996004,0.77380955,0.70562834,1.0
1.0,1.0,5000.0,1.0,1.0,1.0
0.7826087,0.7692308,0.7144694,0.78668845,0.5213018,0.3710245
0.7777778,0.4,0.42879587,0.8,0.29668018,0
0.6956522,0.85714287,1.1426939,0.8035714,0.49455717,0.99671227
0.15855719,0.0,0.0,0.056507125,0.0,0.26679996
0.75,0.8333333,0.24996875,0.6666667,0.54108226,0.4107044
0.85714287,0.8333333,1.0014993,0.8885568,0.0,0.81032705
0.56914896,0.5714286,0.4427384,0.60260665,0.0,0.97477823
0.47229692,0.5,0.16672222,0.5320537,0.0,0.08108807
0.9411765,0.8888889,0.79984003,0.9,0.37046495,1.0
0.582515,0.72727275,0.23075148,0.86326003,0.0,0.22141553
0.8,0.90909094,2.8333888,0.9283796,0.6285303,0.9675575
0.7777778,0.8333333,0.19998,0.80241936,0.0,0.97054404
0.42857143,0.6,0.124984376,0.80521995,0.0,0.75512606
0.53333336,0.6,0.0,0.7644431,0.0,0.21643713
0.72727275,0.8,0.74990624,0.8939272,0.53607786,0.8997923
0.5925926,0.7692308,1.2502916,0.678926,0.0,0.99884284
0.61538464,0.7068448,0.18748829,0.7153251,0.42204213,0.13845664
0.5714286,0.54545456,0.06666222,0.4663301,0.0,0.91025317
0.68138516,0.8333333,0.75004166,0.909034,0.35567713,0.7815169
1.0,1.0,10000.0,1.0,1.0,1.0
0.7058824,0.6,0.50025,0.58858854,0.0,0.1546458
0.7058824,0.90909094,0.3332963,0.9166667,0.0,0.37226486
0.84210527,0.90909094,0.57134694,0.85714287,0.7297443,0.9973468
0.8620169,0.71428573,5.2488756,0.7801495,0.49632895,0.8128678
0.85714287,0.8333333,0.99983335,0.8090572,0.4082148,0.9580139
0.7826087,0.8,0.14298978,0.8311458,0.0,0.81297773
0.4541371,0.33333334,0.077070996,0.51096785,0.0,0.76908594
0.95238096,1.0,3.7486258,1.0,0.70168793,1.0
0.8888889,1.0,6501.0,1.0,0.0,1.0
0.94736844,1.0,1.9993335,1.0,0.59336036,1.0
0.7368421,0.8,0.57134694,0.71428573,0.34678096,0.6085002
0.90909094,0.9230769,4.9975014,0.9094822,0.66433007,0.9997181
0.8888889,1.0,1.2496876,0.9166667,0.36889398,0.99306995
0.9166667,0.8888889,1.9995002,0.90388,0.8265168,0.99846745
0.61538464,0.6666667,0.30591795,0.681765,0.0,0.20453249
0.7058824,0.6666667,0.41676387,0.7219312,0.0,0.6852428
0.54545456,0.8333333,0.033397775,0.5953882,0.0,0.31479192
0.53333336,0.5,0.111320965,0.69505984,0.0,0.48533034
0.7225029,0.7386567,0.34863046,0.77933455,0.0,0.9640282
0.75,0.6666667,0.33518314,0.6666667,0.0,0.1437086
0.85714287,1.0,0.37505206,0.875,0.49805248,1.0
0.64,0.90909094,0.30782247,0.760729,0.0,0.3101951
0.7058824,0.54545456,1.8330556,0.55,0.5738793,0.99912983
0.72,0.7692308,0.09344427,0.78185844,0.0,0.9979754
0.95652175,0.7692308,1.60008,0.9375,0.37461177,0.55257756
0.5714286,0.4866642,0.5003749,0.4,0.0,0.8279789
0.7619048,0.71428573,0.84546965,0.7693296,0.5253389,0.699292
0.6666667,0.44444445,1.0034554,0.6313775,0.6030797,1.0
0.9484022,0.85714287,7.994006,0.92628884,0.62288266,0.98989886
0.7140825,0.8,0.3332963,0.79729724,0.0,0.9789219
0.56,0.71428573,0.50003844,0.7375212,0.32711342,0.97550327
0.6666667,0.7692308,0.35032347,0.78229266,0.0,0.99989665
0.8235294,0.8888889,0.37495312,0.8333333,0.0,0.79129475
1.0,1.0,3.2488756,1.0,0.48109773,0.91747856
0.5925926,0.5882353,0.1944892,0.6031202,0.0,0.80932146
0.7695008,0.61538464,0.3184256,0.8356085,0.0,0.30206698
0.875,0.8888889,2.4987507,0.9166667,0.6102259,1.0
0.5263158,0.5,0.06666222,0.5396078,0.0,0.17169364
0.6666667,0.7692308,0.3332963,0.859608,0.34507477,0.9990511
0.8888889,0.8333333,1.9993335,0.84877074,0.6210318,1.0
0.7989127,0.42857143,0.55593824,0.77331734,0.0,0.28009653
0.8,0.8333333,1.3997201,0.9285714,0.7640119,0.31332937
0.6,0.5714286,0.0,0.6421098,0.0,0.48841393
0.5,0.54545456,0.13345776,0.69935334,0.0,0.76563346
0.75,0.8333333,0.49991667,0.9182596,0.42193556,0.8838402
0.94736844,1.0,7.992008,1.0,0.8330935,0.6826157
0.7561897,0.72727275,0.41663194,0.9008426,0.57608443,0.1392017
0.8235294,0.8888889,1.6661114,0.84367144,0.0,0.5019111
0.7477671,0.46153846,0.29997,0.8717567,0.0,0.9982472
0.7096774,0.6666667,0.21051523,0.6852633,0.37711638,0.9999691
0.8181818,0.72727275,0.55549383,0.8882743,0.55940044,0.63748556
0.88,0.8333333,0.34620413,0.84112644,0.41076583,0.96489966
0.8888889,0.90909094,2.499375,0.9444444,0.6635181,1.0
0.875,0.8888889,0.49991667,0.96327025,0.5131368,0.99990594
0.625,0.71838516,0.25009373,0.42857143,0.0,0.74982405
0.58591634,0.5714286,0.22752477,0.5630238,0.0,0.15167566
0.866935,0.8333333,0.3748695,0.96706927,0.0,0.9755649
0.625,0.6666667,0.0,0.69783765,0.0,0.42991766
0.72727275,0.7692308,0.7141837,0.65676427,0.2596536,0.94949687
0.6309217,0.5,0.76896346,0.5682239,0.0,0.17020279
0.6099734,0.4,0.20592906,0.5520563,0.0,0.35477233
0.8695652,0.7692308,0.9998572,0.8035714,0.7902195,1.0
0.5882353,0.8,0.09090082,0.863884,0.0,0
0.580112,0.42105263,0.22220987,0.56924117,0.0,0.83904713
0.2,0.44444445,0.07142347,0.3792899,0.0,0.73421955
0.71898496,0.44444445,0.14111128,0.67497134,0.0,0.50884587
0.6956522,0.8333333,0.19236982,0.6928313,0.0,0.41086128
0.9166667,0.85714287,1.2142551,0.875,0.71426684,1.0
0.95238096,1.0,1.1664722,0.99338776,0.57735026,1.0
0.8036665,0.8,0.750025,0.82871085,0.33157963,0.87612075
0.85714287,0.8,1.8662055,0.8,0.43472087,0.5283511
0.5281288,0.5,0.032030236,0.68501,0.0,0.7125835
0.507215,0.4,0.10720663,0.6917503,0.0,0.9062624
0.54545456,0.5,0.21155168,0.4975392,0.0,0.5732223
0.5263158,0.54545456,0.22310674,0.64757574,0.0,0.9628508
0.9411765,1.0,5.994006,0.98027945,0.71291935,1.0
0.75,0.90909094,0.8748906,0.92479753,0.6864838,0.995019
0.5217391,0.61538464,0.5016322,0.80441445,0.2224247,0.79720503
0.5835378,0.8888889,0.1431224,0.6753067,0.0,0.18829569
0.5861451,0.46153846,0.30123508,0.5875509,0.0,0.72971463
0.5263158,0.5,0.19998,0.58208054,0.0,0.19550914
0.94736844,0.9230769,0.58373606,1.0,0.40455335,1.0
0.7058824,0.54545456,3.5014985,0.59260434,0.38304088,0.9290174
0.7,0.71428573,0.75004166,0.74720365,0.0,0.999226
0.5714286,0.5714286,0.16681944,0.6110132,0.0,0.9998891
0.56,0.5714286,0.23174594,0.6693806,0.0,0.81329703
0.5714286,0.6666667,0.22734296,0.47837144,0.0,0.30659842
0.7,0.7692308,0.16665278,0.98421264,0.312394,0.78235614
1.0,1.0,7000.0,1.0,1.0,1.0
0.5,0.6666667,0.27785802,0.43688366,0.0,0.94664216
0.75,0.75,0.49991667,0.7899847,0.0,1.0
1.0,1.0,9000.0,1.0,1.0,1.0
0.8695652,0.90909094,1.09998,0.8792095,0.49934727,0.99999666
0.7657623,0.7692308,0.50014997,0.9436352,0.22388344,0.50229853
0.9411765,1.0,1.6661114,0.7944058,0.8100328,1.0
1.0,0.90909094,10003.0,1.0,0.7348889,0.72704464
0.6965235,0.54545456,0.9004199,0.6508654,0.36914244,0.24576627
0.4081367,0.36363637,0.0,0.51515317,0.0,0.90493214
0.94736844,0.90909094,6.993007,0.9285714,0.7552676,1.0
0.74663424,0.54545456,0.34620413,0.7448938,0.29913515,0.9865997
0.93333334,0.90909094,0.59988004,0.9311115,0.6508552,0.99247766
0.25,0.2,0.0,0.40201655,0.0,0.17197438
0.8888889,0.8,1.998002,0.875,0.83437014,1.0
1.0,0.9411765,12.987013,1.0,0.8457556,0.99804676
0.57906115,0.4,0.15383431,0.7702067,0.0,0.10863624
0.6956522,0.7692308,0.49995,0.8454515,0.469247,0.30367655
0.9411765,1.0,1.6661114,1.0,0.6441954,1.0
0.6666667,0.6666667,0.22241972,0.6872707,0.32112828,0.47340095
0.7,0.72727275,0.20017998,0.5988681,0.0,0.6402452
0.6005959,0.33333334,0.08840656,0.7692333,0.0,0.23002549
0.69919086,0.61538464,0.08840656,0.7159816,0.0,0.7908144
0.8030059,0.72727275,0.20011999,0.93549436,0.34895465,0.7908144
0.75,0.8333333,0.49991667,0.9182596,0.42193556,0.8838402
0.47473377,0.44444445,0.2632493,0.625079,0.3040526,0.2181177
0.33333334,0.42857143,0.0499975,0.55267715,0.0,0.27682155
0.7777778,0.72727275,0.2727025,0.694929,0.3105159,0.93510175
0.5263158,0.54545456,0.3332963,0.83719593,0.29668018,0.9558817
0.6315789,0.8,0.44439507,0.65168923,0.33367106,0.98722684
0.7368421,0.72727275,0.4375703,0.67631596,0.0,1.0
0.6743245,0.4,0.16675925,0.5664971,0.0,0.060883433
0.5882353,0.72727275,0.37495312,0.7029591,0.34057683,0.9197104
0.47058824,0.46153846,0.04174652,0.56608117,0.0,0.2503377
0.47058824,0.46153846,0.0,0.5129613,0.0,0.26221105
0.9166667,0.9411765,1.49975,0.7321526,0.63074976,0.997441
0.5314484,0.5,0.32597902,0.61791784,0.0,0.13101803
0.7614357,0.8333333,0.85702044,0.9108275,0.47987822,0.3261708
0.5555556,0.72727275,0.57134694,0.73255676,0.0,0.7348107
0.8888889,0.90909094,1.4996251,0.85714287,0.34988645,0.72202486
0.8,0.8888889,0.7141837,0.89074,0.4171718,0.9743298
0.9132832,0.9230769,0.79992,0.9516404,0.69903123,0.9999649
0.44444445,0.42857143,0.07142347,0.5825621,0.0,0.2239851
0.4347826,0.5714286,0.45468593,0.62201256,0.0,0.44548184
0.33333334,0.36363637,0.031310543,0.41767576,0.0,0.33967888
0.8,0.7692308,0.999875,0.837244,0.77250886,1.0
0.5714286,0.6666667,0.42342895,0.5839001,0.0,0.500634
0.5217391,0.6666667,0.2694408,0.70158756,0.0,0.500634
0.7777778,0.7692308,0.16665278,0.84393007,0.34678096,0.7648353
0.6,0.8,0.19568714,0.66872877,0.18170258,0.37484756
0.92049795,0.918006,11.99001,0.9404865,0.55174243,0.96762556
0.6683189,0.7692308,0.115452655,0.8525014,0.0,0.3579055
0.90909094,1.0,4000.0,1.0,0.87991786,1.0
0.7692308,0.93333334,2.9996667,0.77900976,0.49735674,0.9964659
0.47058824,0.6666667,0.0,0.51896805,0.0,0.8932949
0.84210527,1.0,0.99983335,0.88751,0.5636826,0.7819061
0.84210527,0.90909094,2.9995003,0.9166667,0.0,0.9992204
1.0,1.0,10000.0,1.0,1.0,1.0
0.47290376,0.42857143,0.42447516,0.6734796,0.0,0.8806346
0.6,0.7058824,0.56255466,0.62687105,0.0,0.99864966
0.49593222,0.71428573,0.3335185,0.83625466,0.0,0.45018682
0.6666667,0.5162751,0.60014,0.6372496,0.4252136,0.9998387
0.6666667,0.8333333,0.37505206,0.66964287,0.0,0.9677756
0.6666667,0.867958,0.23338445,0.79770696,0.0,0.23473552
0.75,0.875,0.41663194,0.849718,0.26676267,0.9999453
0.5833333,0.54545456,0.7248905,0.778097,0.20538291,0.26508817
0.7586207,0.8,0.9999,0.8327956,0.42376456,0.6303795
0.6666667,0.7692308,0.87503123,0.7648034,0.0,0.7188196
0.7375904,0.6666667,0.15008499,0.8984659,0.0,0.4024618
0.2857143,0.2857143,0.062496092,0.3181617,0.0,0.1724414
0.71428573,0.8333333,1.1666111,0.8648034,0.42692676,0.7188196
0.5366431,0.42857143,0.3371228,0.6155094,0.0,0.56414986
0.48464155,0.42857143,0.16665278,0.7080824,0.29847458,0.07719666
0.84615386,0.875,0.999875,0.90909094,0.5328339,0.74878025
0.26443714,0.40565878,0.025048748,0.35071358,0.0,0.23222625
0.5,0.6405112,0.500125,0.6228167,0.2910796,0.7399787
0.58064514,0.53333336,0.23688227,0.63727254,0.19165754,0.23987548
0.5714286,0.6666667,0.74990624,0.73699653,0.27901593,0.33418575
0.6666667,0.85714287,0.19996001,0.8357182,0,0.16979717
0.47058824,0.6666667,0.04174652,0.48466146,0.0,0.05476199
0.7,0.6,0.74990624,0.7454519,0.53536475,0.37559843
0.54917085,0.4,0.2743217,0.4788578,0.0,0.16910505
0.84615386,0.875,0.69993,0.8263889,0.70435256,0.9873584
0.72,0.75,2.9179256,0.75,0.4648862,0.9829124
0.46012694,0.5,0.07156631,0.58620834,0.0,0.8980951
0.962963,0.93333334,9.99001,0.9375,0.95966136,1.0
0.8333333,1.0,0.3332778,0.5,0.53993696,1.0
0.82758623,0.8,1.9997144,0.8670724,0.7854699,1.0
0.6666667,0.75,0.4999375,0.6898851,0.57105577,1.0
0.6,0.54545456,0.39996,0.64010125,0.38916963,0
1.0,1.0,9000.0,1.0,1.0,1.0
1.0,1.0,7000.0,1.0,1.0,1.0
0.75,0.71428573,0.545405,0.81893194,0.60381985,0.80112666
0.7692308,0.75,1.9990005,0.8333333,0.75848657,1.0
0.90909094,1.0,0.49987504,1.0,0.0,1.0
0.8888889,0.90909094,0.4375703,1.0,0.43995893,0.71564436
0.7619048,0.8333333,0.49995,0.86627966,0.50358164,0.34808883
0.7368421,0.7692308,0.85702044,0.8180212,0.0,0.42798612
0.54545456,0.7692308,0.23075148,0.55376273,0.0,0.25894302
0.8181818,0.8,0.37505206,0.75,0.28916278,0.99906063
1.0,1.0,5000.0,1.0,1.0,1.0
0.77506655,0.8437976,0.21427041,0.843857,0.28164563,0.62089866
0.47619048,0.46153846,0.30766863,0.52905756,0.34950668,0.69602174
0.49426004,0.46468452,0.088288926,0.51647407,0.0,0.87278813
0.75,0.8,0.6665556,0.7543026,0.0,0.41810504
0.7,0.8333333,0.269287,0.6666667,0.2568486,0.9751956
0.59783727,0.8888889,1.1254686,0.8327019,0.31559846,0.8071003
0.53333336,0.6666667,0.100189984,0.5020814,0.0,0.69629
0.8,0.8333333,6.4945054,0.8333333,0.465835,0.74934524
0.61042494,0.46153846,0.54719657,0.67246395,0.0,0.8910797
0.71465784,0.625,0.44083562,0.8613443,0.23683481,0.26780444
0.6611869,0.53333336,0.33613223,0.7012745,0.0,0.9666938
0.5891892,0.46153846,0.42691132,0.60765636,0.2818413,0.25862113
0.7146457,0.5882353,0.54203814,0.6063737,0.32534313,0.9303522
0.75,0.8,0.59994,0.7293835,0.42401254,0.68872494
0.5925926,0.7777778,0.13893673,0.8133486,0.0,0.9977679
0.7058824,0.8333333,0.3332963,0.8333333,0.0,0.26071253
0.46622878,0.471892,0.12511718,0.5229756,0.0,0.9922468
0.50940436,0.6,0.0,0.67002106,0.0,0.09534243
1.0,1.0,8000.0,1.0,1.0,1.0
0.8235294,0.8888889,1.8330556,0.9294263,0.47610795,0.98705626
0.75,0.9230769,0.42851022,0.83401495,0.55529845,0.9997104
0.98344964,0.8333333,7503.0,0.9751744,0.658037,0.94926834
0.5833333,0.46153846,0.3216199,0.5685271,0.304744,0.15488143
0.5714286,0.54545456,0.269287,0.608396,0.0,0.23276345
0.7619048,0.8,0.2727025,0.85714287,0.5085816,0.57992107
0.96,1.0,2.499375,1.0,0.8489382,1.0
0.61538464,0.7548412,0.27079505,0.75717014,0.22388344,0.870461
0.51923674,0.44613615,0.25005355,0.67037934,0.21803366,0.25259206
0.5,0.6,0.04174652,0.6656179,0.0,0.59676415
0.6315789,0.71428573,0.22734296,0.7291667,0.0,0.26071253
0.625,0.8333333,0.19998,0.8681614,0.0,0.89357156
0.6315789,0.9230769,0.350065,0.8021714,0.31698203,0.940109
0.7826087,0.875,0.8573061,0.87152535,0.39711627,0.9963478
0.44444445,0.5714286,0.18180165,0.78780794,0.0,0.45493913
0.9,0.72727275,8.675415,0.9166667,0.57839006,0.84037983
0.962963,1.0,3.3322227,1.0,0.8168792,1.0
0.4977003,0.5714286,0.29303902,0.69587076,0.0,0.12977648
0.71428573,0.8333333,1.1666111,0.8648034,0.42692676,0.7188196
0.32150406,0.22222222,0.15738884,0.46949387,0.0,0.5800281
0.84210527,0.6666667,7.998002,0.81888646,0.27350375,0.99992067
0.81243855,0.6666667,0.30016997,0.840664,0.45359287,0.23412558
0.7,0.7692308,0.29997,0.8125114,0.0,0.91684777
0.6413067,0.6666667,0.59094626,0.6062824,0.39812732,0.27625412
0.6666667,0.85714287,0.269287,0.7660386,0.0,0.42967272
0.8,0.85714287,0.69993,0.9294284,0.61153805,0.32379305
0.5555556,0.6666667,0.031310543,0.6785541,0.0,0.17596278
0.92218274,0.8,2.9995003,0.9832741,0.5232023,0.3659053
0.6923077,0.6666667,0.60014,0.75028545,0.2619825,0.99953765
0.64,0.7058824,0.1764602,0.6987477,0.0,0.999828
0.5921019,0.6,0.3889568,0.76524055,0.0,0.72892886
0.72,0.8,0.545405,0.8130468,0.4137697,0.99189097
0.71428573,0.8333333,1.1666111,0.8648034,0.42692676,0.7188196
0.71428573,0.8333333,1.1666111,0.8648034,0.42692676,0.7188196
0.43280548,0.53333336,0.0,0.5524824,0.0,0.25342807
0.85714287,0.8,2.2494376,0.7810421,0.81466216,0.44042227
0.6451613,0.75,0.1191848,0.53274864,0.0,0.08307438
0.54545456,0.6666667,0.10005999,0.7046796,0.0,0.8781673
0.625,0.6,0.100189984,0.6331052,0.0,0.09452926
0.88,0.8333333,2.9990003,0.8263889,0.55199534,1.0
0.3846154,0.8,0.17651902,0.6134051,0.0,0.9370972
0.875,0.8,0.6665556,0.86358976,0.5,0.41696042
0.42105263,0.54545456,0.14284694,0.63529104,0.0,0.29771706
0.6923077,0.7692308,0.105257615,0.79438245,0.0,0.4268223
0.34236726,0.33333334,0.0,0.6272722,0.0,0.6993437
0.6923077,0.71428573,0.83357406,0.82015127,0.27392262,0.5144217
0.8695652,0.9230769,3.332889,0.97336996,0.5853967,0.8485144
0.5185185,0.6666667,0.23696347,0.65024346,0.0,0.7201659
0.75,0.85714287,1.6661114,0.85615516,0.51697314,0.97795033
0.85714287,0.8333333,2.007572,0.84198153,0.47247213,0.72062767
0.85714287,0.8333333,2.007572,0.84198153,0.47247213,0.72062767
0.7619048,0.61538464,0.38037127,0.7992472,0.0,0.51471657
0.6666667,0.8,0.35026497,0.7477057,0.0,0.9993891
0.33333334,0.44444445,0.0,0.5527378,0.0,0.81084853
0.6086956,0.6666667,0.33347222,0.7465583,0.0,0.9144375
0.4677264,0.53333336,0.13345776,0.74201035,0.0,0.9451815
0.53167754,0.54545456,0.4664217,0.7978239,0.26292303,0.8071303
0.8181818,0.72727275,9.992008,0.8216709,0.67557484,0.9566732
0.5217391,0.42857143,0.088288926,0.3491994,0.0,0.3399773
0.6666667,0.6666667,0.59988004,0.6859699,0.0,0.95417017
0.5,0.47058824,0.15788643,0.5959411,0.20996733,0.16159604
0.72,0.71428573,0.54170483,0.75187093,0.5351922,0.99857587
0.9,0.9230769,2.4995003,0.9399356,0.78615844,0.97816676
0.4,0.4,0.17208871,0.4922958,0.0,0.33153862
0.7,0.72727275,0.39996,0.694929,0.27518448,0.93510175
0.7058824,0.90909094,0.09090082,0.9166667,0.0,0.6810233
0.6311589,0.42857143,0.46150297,0.6791498,0.45139682,0.27544641
0.7777778,0.72727275,0.8331945,0.77380955,0.6221959,0.9817697
0.33334246,0.54545456,0.12523957,0.5881965,0.0,0.9996988
0.72,0.8,0.13649543,0.7530643,0.0,0.69171715
0.8,0.7692308,0.8331945,0.78223765,0.5330981,0.35882178
0.6363636,1.0,0.2917257,0.85714287,0.0,0.99999577
0.625,0.72727275,0.585696,0.73333335,0.37515965,0.17927407
0.75,0.75,0.89991003,0.814851,0.52562445,0.91846836
0.875,0.8333333,7002.0,0.8333333,0.59694916,1.0
0.7,0.61538464,2.0,0.71773756,0.7102992,0.38327035
0.4581411,0.44444445,0.18748829,0.7128795,0.0,0.3628069
0.7692308,0.625,1.4283674,0.7435174,0.7294725,1.0
0.55616254,0.46153846,0.19836111,0.6341307,0.0,0.13205162
0.6566134,0.5714286,0.28583673,0.71692264,0.0,0.14000988
0.7826087,0.7692308,0.5000455,0.79438174,0.4825878,0.4007932
0.72727275,0.71428573,0.44461727,0.645637,0.4918599,0.96009356
0.42105263,0.46153846,0.033397775,0.6603246,0.0,0.2760763
0.7826087,0.6666667,3.2027533,0.7792638,0.7235099,0.99997604
0.7826087,0.72727275,3.2060597,0.7638889,0.7235099,0.99999607
0.8148661,0.72727275,2.6250937,0.8125385,0.6930977,0.99997586
0.5714286,0.8333333,0.06679555,0.75476414,0.0,0.34334666
0.4887084,0.6666667,0.055663574,0.6373547,0.0,0.6448831
0.1,0.36363637,0.033397775,0.5096045,0.0,0.40527788
0.48,0.5714286,0.4167986,0.5757321,0.22388344,0.99910283
0.8235294,0.6,0.57134694,0.88144886,0.34057683,0.82350224
0.79743505,0.6666667,0.90011,0.9170839,0.4689244,0.40076795
0.7,0.90871245,1.1290259,0.75102913,0.3073232,0.9330657
0.4,0.33333334,0.062496092,0.3223403,0.0,0.5771608
0.94736844,1.0,7.992008,1.0,0.7028557,1.0
0.5263158,0.7692308,0.50005555,0.67521393,0.39947286,0.9209422
0.23529412,0.4812744,0.0,0.4796631,0.0,0.094968155
0.5555556,0.8,0.2727025,0.7085152,0.30681968,0.30958396
0.3843737,0.2857143,0.25005355,0.5058848,0.21360514,0.31099406
0.6666667,0.6666667,0.83352774,0.89711446,0.0,0.7617388
0.5882353,0.6666667,0.7141837,0.61904764,0.0,0.7783813
0.46153846,0.6666667,0.10536288,0.67898256,0.0,0.9965258
0.6,0.61538464,0.23342495,0.65643585,0.0,0.99723375
0.8,0.71428573,1.3749063,0.79162693,0.66063285,0.9472954
0.46414003,0.72727275,0.038622648,0.83257663,0.0,0.20443913
0.71428573,1.0,0.79984003,0.8739354,0.0,0.95553
0.47058824,0.6,0.15028498,0.5830333,0.0,0.30566522
0.53333336,0.8,0.28595915,0.8,0.0,0.60564876
0.5,0.6,0.22241972,0.5830333,0.0,0.31462932
0.75,0.8333333,0.550045,0.8274464,0.0,0.43094113
1.0,0.8,3.249875,0.85714287,0.451801,0.9996825
0.625,0.6666667,0.22219753,0.625,0.0,0.55919707
0.5263158,0.8888889,0.58602923,0.6150028,0.0,0.8977414
0.6086956,0.33333334,0.11764014,0.39769235,0.2620251,0.2352542
0.6256093,0.5,0.84959537,0.6635484,0.26353312,0.7504229
0.375,0.33333334,0.25021872,0.34285715,0.0,0.99979067
0.8181818,0.90909094,1.7543674,0.67674196,0.38606572,0.98981893
0.5555556,0.61538464,0.22830753,0.72014445,0.0,0.8229991
0.6923077,0.6666667,0.20592906,0.5417812,0.0,0.2927316
0.8,0.8888889,0.92858166,0.85714287,0.3811292,1.0
0.3618439,0.15384616,0.12125532,0.5712794,0.0,0.54097164
0.4,0.5714286,0.0,0.5396784,0.0,0.33955044
0.24,0.42857143,0.022771692,0.34346026,0.0,0.8905166
0.8695652,0.90909094,1.9995002,0.9041925,0.76815647,1.0
0.8,0.8333333,0.62492186,0.804066,0.525382,0.73537177
0.78108394,0.72727275,1.3192205,0.8109814,0.5616072,0.88321453
0.51621884,0.33333334,0.46287048,0.5195035,0.32272592,0.5150013
0.72727275,0.54545456,3.0429566,0.69508255,0.7419169,0.45243704
0.8333333,0.8333333,3.499167,0.8449583,0.77440315,0.43135664
0.72727275,0.54545456,2.2824075,0.67892975,0.7419169,0.24166924
0.8181818,0.71428573,0.450055,0.91776884,0.0,0.99987197
0.44404656,0.42857143,0.2727025,0.61093765,0.0,0.8347231
0.8,0.6666667,0.21439794,0.9,0.0,0.56966716
0.33333334,0.54545456,0.0,0.6271018,0.0,0.9576657
0.54545456,0.5714286,0.50025,0.70944583,0.0,0.35743695
0.6666667,0.6666667,0.59103715,0.74126935,0.33988315,0.70949256
0.53333336,0.5,0.42851022,0.5969601,0.0,0.18244396
0.9166667,0.93333334,1.79964,0.9375,0.7026155,1.0
0.5882353,0.8333333,0.18180165,0.9285714,0.0,0.9987186
0.8609657,0.6666667,0.23539792,0.8990889,0.0,0.1873424
0.7039102,0.7366572,0.24791452,0.64654523,0.0,0.46889848
0.5217391,0.5714286,0.2666489,0.6850318,0.23007554,0.22369483
0.56511575,0.7692308,1.09998,0.69597137,0.0,0.99916816
0.6,0.54545456,0.49995,0.53437823,0.36775106,0.39292994
0.8333333,0.8,1.9990005,0.8,0.0,0.773883
0.8148148,0.8,1.80004,0.8982959,0.60102105,0.16197878
0.7171894,0.46153846,0.5386509,0.59520864,0.30405596,0.86785996
0.5882353,0.6,0.3332963,0.6904762,0.34057683,1.0
0.5714286,0.8,0.08332639,0.8333333,0.0,0.22665073
0.75,0.6,0.50025,0.625,0.0,0.0121372305
0.79901737,0.6666667,1.0005,0.81515753,0.35991108,0.37277925
0.33889404,0.5,0.0,0.5141716,0.0,0.112966195
0.6956522,0.6666667,0.3508161,0.75826854,0.285371,0.1247368
0.31578946,0.30769232,0.0,0.38982287,0.0,0.34076336
0.33333334,0.6,0.062496092,0.6117542,0.0,0.15039168
0.6924798,0.6666667,0.269287,0.79698265,0.26556766,0.4790546
0.70798075,0.44444445,0.44461727,0.6648609,0.0,0.2100155
0.52761763,0.40663293,0.3185165,0.5608171,0.0,0.11658153
0.56,0.53333336,0.17651902,0.56299764,0.41457608,0.9907941
0.37497857,0.54545456,0.07156631,0.5835436,0.0,0.076832
0.95461637,0.6,0.9004199,0.7665566,0.0,0.17059055
0.517638,0.5,0.2666489,0.73375565,0.22086206,0.25058952
0.4,0.5714286,0.052628808,0.49927586,0.0,0.5020375
0.5,0.8,0.5000714,0.358034,0.0,0.46981975
0.8181818,0.75883216,3.7486258,0.7941021,0.7952055,1.0
0.84615386,0.8333333,0.099995,0.8035714,0.0,0.9999904
0.8181818,0.72727275,0.1786301,0.8347609,0.0,0.2613876
0.6315789,0.85714287,0.16665278,0.8838239,0.0,0.8135294
0.57276154,0.54545456,0.115452655,0.6473938,0.0,0.51324916
0.67272186,0.5714286,1.8752812,0.75662076,0.44863954,0.77283144
0.4,0.4,0.18180165,0.43393365,0.0,0.28694126
0.7777778,0.85714287,1.9993335,0.8804943,0.6354217,0.99437857
0.8,0.8,1.4283674,0.8263889,0.57955813,1.0
0.84210527,0.7692308,2.6657782,0.78565997,0.62288266,0.96998817
0.6666667,0.7692308,0.2727025,0.72613615,0.30681968,0.92661864
0.7619048,0.7692308,0.45450413,0.80890244,0.356086,0.9687739
0.2857143,0.54545456,0.062496092,0.5019488,0.0,0.14860286
0.7368421,0.6666667,0.64290816,0.77380955,0.3105159,0.96840227
0.7368421,0.5714286,0.35659656,0.7305359,0.2818413,0.6618559
0.7619048,0.7692308,0.1786301,0.77380955,0.0,1.0
0.84210527,0.8333333,0.64290816,0.85714287,0.41956913,1.0
0.6956522,0.71428573,0.6668148,0.6884413,0.4901347,0.2975279
0.8,0.90909094,1.1664722,0.85714287,0.5988629,0.2864512
0.84210527,0.7692308,0.85702044,0.8312984,0.6870515,0.7068181
0.8888889,0.90909094,2.4997501,0.9284895,0.66063285,0.3495787
0.53846157,0.6,0.2694408,0.85690165,0.0,0.83324087
0.6871343,0.53333336,0.50951314,0.5737084,0.35823274,0.84957355
0.46153846,0.72727275,0.0,0.77943814,0.0,0.43383148
0.53333336,0.8,0.050094992,0.8333333,0.0,0.74936825
0.7368421,0.6666667,1.1997601,0.7754193,0.5738793,0.26903388
0.6208229,0.625,0.29410034,0.72328854,0.20798032,0.8165195
0.60611963,0.6017041,0.0499975,0.7302701,0.22585994,0.21475635
0.57660687,0.6666667,0.27168933,0.7010156,0.0,0.21147111
0.5,0.61538464,0.2083993,0.89980507,0.2818413,0.3143415
0.7826087,0.61538464,1.3331112,0.81172365,0.71699375,0.9614603
1.0,1.0,2.2503748,1.0,0.73111045,1.0
1.0,0.9230769,1.1426939,0.94263357,0.7304564,1.0
0.5263158,0.8,0.20017998,0.60418844,0.0,0.80154294
0.7058824,0.6,1.2496876,0.70780426,0.0,0
0.42105263,0.33333334,0.062496092,0.5631746,0.0,0.3595536
0.7777778,0.85714287,0.50005555,0.8736472,0.0,0.45683876
0.5555556,0.53333336,0.4999375,0.6284906,0.45489392,0.9998948
0.8,0.6666667,0.6665556,0.981663,0.37515965,0.9843964
0.625,0.71428573,0.19998,0.5534188,0.0,0
0.64869547,0.440821,0.030885052,0.6995461,0.0,0.56740755
0.40864307,0.33333334,0.052628808,0.67136586,0.0,0.40117723
0.48,0.44444445,0.1764602,0.556672,0.24104728,0.21787956
0.9684112,0.8888889,6935.7017,0.94945794,0.70710677,0.981764
0.6666667,0.6666667,0.3332963,0.7509523,0.47610795,0.16561398
0.82758623,0.6666667,1.0555494,0.91930616,0.6390464,0.4694816
0.88251287,0.90909094,0.80004,0.86958337,0.0,0.9752463
0.4834408,0.6182834,0.2521869,0.549554,0.0,0.55521303
0.5838716,0.8010763,0.4026087,0.7678256,0.20038588,0.5325621
0.8888889,1.0,1.8998201,0.9444444,0.52383226,1.0
0.6666667,0.6666667,1.0836527,0.80101186,0.4404745,0.2352275
0.6923077,0.8,0.59994,0.8312144,0.24087662,0.68613803
0.8888889,0.8,1.2496876,0.8509149,0.59694916,0.89785546
0.7777778,0.72727275,0.57134694,0.77380955,0.31559846,0.9646747
0.5,0.5,0.088288926,0.54436946,0.0,0.53998244
0.6666667,0.8888889,0.3332778,0.8,0.0,0.9916663
0.45980176,0.6,0.07142347,0.5773866,0.0,0.6706589
0.6,0.61538464,0.38928735,0.4583369,0.0,0.6572169
0.5882353,0.54545456,0.44439507,0.41268152,0.0,0.36521125
0.7368421,0.85714287,3.498251,0.88468444,0.6824613,0.30046278
0.8494378,0.71428573,0.650035,0.88156927,0.31314224,0.73810774
0.7908559,0.8,0.25004166,0.8297123,0.0,0.6846556
0.6363636,0.612801,0.45522675,0.63135356,0.0,0.99985814
0.48850834,0.625,0.09523356,0.6680752,0.0,0.5969643
0.8965517,0.7692308,11.489511,0.8916082,0.88502795,1.0
0.7486425,0.8,0.2666489,0.79086465,0.35693455,0.98846304
0.6666667,0.6666667,0.14438976,0.64729595,0.0,0.7982845
0.5,0.6666667,0.08332639,0.79316115,0.0,0.91930187
0.6544966,0.43615213,0.333537,0.61431974,0.0,0.9552428
0.8695652,0.93333334,1.5996801,0.9492571,0.76815647,1.0
0.5368628,0.5,0.23090531,0.53999835,0.0,0.20684262
0.8888889,0.8,3.998001,0.89878833,0.88011175,1.0
0.638549,0.71428573,0.30016997,0.7842845,0.0,0.6079599
0.42105263,0.54545456,0.035783157,0.5350102,0.0,1.0
0.84210527,0.8,1.1997601,0.8458796,0.81158787,0.9827039
0.8181818,0.85714287,2.6664445,0.8778032,0.4525642,0.39369863
0.6451613,0.5714286,0.50800586,0.70614535,0.24881653,0.3530703
0.7036665,0.90909094,0.54558676,0.84528035,0.2775134,0.56913936
0.5,0.46153846,0.19998,0.77252257,0.0,0.5496385
0.54798764,0.45313138,0.13644214,0.6403857,0.0,0.7907636
0.6666667,0.6666667,0.22219753,0.76681304,0.0,0.78536874
0.7296725,0.69844455,0.4375703,0.67403805,0.0,0.97144246
0.95238096,1.0,4.497751,1.0,0.65349615,1.0
0.70560735,0.7058824,0.24998437,0.82355154,0.0,0.5179475
0.6666667,0.72727275,0.6111543,0.7340458,0.28143814,0.14369167
0.8695652,1.0,0.49995,0.9285714,0.47225347,0.9999492
0.48,0.5,0.054768957,0.50543797,0.0,0.4052243
0.46153846,0.6666667,0.13448533,0.53634363,0.0,0.55565596
0.8888889,0.90909094,3.498251,0.9285714,0.54096305,1.0
0.54545456,0.72727275,0.3636033,0.85569113,0.0,0.4468533
0.65404105,0.54545456,0.9004199,0.6662348,0.0,0.9922939
0.7,0.8333333,0.55549383,0.90633637,0.0,0.9497095
0.6,0.8333333,0.350065,0.75751805,0.0,0.9990545
0.84615386,0.85714287,1.5832361,0.8631269,0.61153805,0.9995347
0.9,0.85714287,3.2488756,0.92671734,0.66770136,0.9996738
0.5114586,0.54545456,0.16665278,0.5839664,0.0,0.99784046
0.47619048,0.36363637,0.3333889,0.54960096,0.0,0.9952447
0.7777778,0.8,0.44450617,0.84515315,0.0,0.99423987
0.6666667,0.85714287,0.66688883,0.71428573,0.47610795,0.9922527
0.529856,0.7058824,0.33330557,0.7804394,0.0,0.8572021
0.90909094,0.8888889,0.39992002,0.9,0.0,0.9717882
0.85714287,0.72727275,7.4935064,0.77380955,0.62533987,1.0
0.6512625,0.79096514,0.18180165,0.832127,0.0,0.3690478
0.7075009,0.7385819,0.19738352,0.68323994,0.0,0.9525678
0.8,0.8333333,0.50025,1.0,0.0,0.32833177
0.6315789,0.5,0.81273746,0.628387,0.0,0.80622536
0.5673686,0.46153846,0.111104935,0.49908885,0.0,0.5724032
0.651028,0.6666667,0.2708755,0.76970804,0.0,0.7920061
0.59655553,0.4,0.16672222,0.5946139,0.0,0.1702281
0.6666667,0.61538464,4.4985013,0.6448427,0.0,0.309548
0.5833333,0.6771896,0.30018,0.7101656,0.0,0.33930877
0.54545456,0.36363637,0.09380664,0.6651809,0.0,0.99433285
0.54545456,0.36363637,0.15398815,0.5555828,0.0,0.9971415
0.48966134,0.5714286,0.15163505,0.6202373,0.0,0.98537344
0.64448607,0.6434183,0.14284694,0.7034983,0.0,0.9395544
0.5714286,0.75,0.0,0.8333333,0.0,0.6312564
0.5882353,0.54545456,0.27785802,0.62340444,0.0,0.98987615
0.7807265,0.71428573,1.2142551,0.84283406,0.53169674,0.3095834
0.6363636,0.5714286,0.30786678,0.8192263,0.2456808,0.9999392
0.75256836,0.6,0.1302939,0.79545164,0.0,0.4288332
0.47619048,0.58520025,0.21605517,0.54463094,0.0,0.9938668
0.44497773,0.51341844,0.1199363,0.5599348,0.0,0.7721675
0.5,0.61538464,0.08332639,0.68409646,0.0,0.915089
0.7619048,1.0,0.62492186,0.8731432,0.6418957,1.0
0.90909094,0.93333334,2.6657782,0.86670285,0.90352786,1.0
0.5714286,0.44444445,0.42933095,0.5083487,0.0,0.1918659
0.7692308,0.8235294,0.4241798,0.8503945,0.24452747,0.99727887
0.69850165,0.30769232,0.37545305,0.64954644,0.0,0.9243402
0.8,0.85714287,1.3997201,0.9305304,0.77968425,1.0
0.8,0.85714287,1.3997201,0.9305304,0.77968425,1.0
0.5562249,0.5882353,0.269287,0.65305674,0.0,0.15732695
0.7368421,0.75,0.6665926,0.8484438,0.0,0.6316652
0.9,0.90909094,9.99001,0.9496256,0.81466216,1.0
0.6666667,0.75,0.9995003,0.8,0,0
0.85714287,0.85714287,1.998002,0.875,0,0
0.6666667,0.75,0.9995003,0.8,0,0
0.85714287,0.85714287,1.998002,0.875,0,0
0.71428573,0.90909094,0.24996875,0.9166667,0.0,0.9996374
0.5833333,0.6752624,0.14602347,0.81098884,0.0,0.27738172
0.40547404,0.4,0.124984376,0.54301804,0.0,0.09165664
0.7,0.8,0.44439507,0.6678561,0.0,0.9999043
0.6315789,0.54582566,0.8333611,0.7341184,0.29668018,0.41028923
0.5780557,0.60537285,0.30497336,0.6400692,0.0,0.6732948
0.7368421,0.6666667,0.2083993,0.65921474,0.294985,0.93510175
0.7619048,0.8,0.45468593,0.77380955,0.27137908,0.8681491
0.64,0.84210527,0.052628808,0.8458947,0.0,0.99999255
0.6666667,0.8,0.25007498,0.8333333,0.0,0.44404116
0.42105263,0.53333336,0.05882007,0.61463845,0.0,0.357651
0.5,0.33333334,0.40015998,0.4809324,0.24865724,0.12377234
0.7368421,0.6,0.29997,0.6666667,0.0,0.31825304
0.5714286,0.42857143,0.39996,0.47470507,0.36720562,0.90928584
0.46073285,0.5714286,0.12507291,0.66760105,0.0,0.1520338
0.8333333,0.8888889,1.3328891,0.9724375,0.75848657,0.19312975
0.85714287,0.8,0.6665556,0.8333333,0.8629898,1.0
1.0,1.0,10000.0,1.0,1.0,1.0
0.7,0.6666667,0.44461727,0.67633736,0.0,0.81748855
0.8626323,0.7692308,0.53842014,0.8418302,0.5134542,0.9999451
0.85714287,0.8888889,0.85702044,0.85714287,0.55940044,0.9994938
0.70577407,0.8,0.5694938,0.7496491,0.0,0.65277463
0.8695652,0.9230769,11.171918,0.9553149,0.70435256,1.0
0.83870965,0.8235294,0.61533725,0.8972373,0.69176066,0.9999903
0.7710813,0.7692308,0.9004199,0.8596967,0.4391358,0.9120193
0.79413605,0.75,0.49996874,0.86099344,0.3742677,0.9983594
0.6145101,0.61538464,0.56159055,0.7235453,0.46173662,0.616232
0.7619048,0.6,1.2806798,0.71274525,0.0,0.9599824
0.72727275,0.8333333,0.8125234,0.80372345,0.52498615,0.51244444
0.7777778,0.7692308,3.7486258,0.7866191,0.77099514,1.0
0.8860648,0.85714287,0.70013,0.9540973,0.67364836,1.0
0.90909094,0.8333333,0.8748906,0.8818042,0.68658906,-0.020858185
0.55919564,0.6666667,0.2694408,0.6622552,0.0,0.99267673
0.7826087,0.7692308,0.269287,0.7684867,0.2734733,0.93510175
0.72727275,0.85714287,0.6902898,0.7875205,0.0,0.6393504
0.6923077,0.93333334,0.3845858,0.8263889,0.35693455,0.9999492
0.8,0.8333333,0.18760155,0.8333333,0.41879854,0.18349558
0.53333336,0.72727275,0.0,0.75,0.0,0.16894087
0.7619048,0.71428573,0.62492186,0.87394184,0.3073232,0.9594134
0.6315789,0.6666667,0.15383431,0.75662875,0.0,0.39044917
0.6363636,0.7692308,0.3182438,0.90575516,0.0,0.064114876
0.5,0.5,0.0,0.64459825,0.0,0.08095183
0.45711833,0.61538464,0.0,0.71004194,0.0,0.55739635
0.73333335,0.5882353,0.46453825,0.7034963,0.32156697,0.24352275
0.7586207,0.625,0.6667778,0.7435832,0.42549345,0.4005529
0.7777778,0.7692308,0.39996,0.7948055,0.0,0.71023446
0.8181818,0.875,0.8748906,0.9218375,0.6340466,0.9707773
0.7058824,0.8,0.8996343,0.8,0.0,0.08776586
0.8181818,1.0,1.6667222,0.894123,0.5932715,0.9670756
0.7692308,0.7058824,0.111104935,0.70628536,0.0,0.23254272
0.47619048,0.625,0.09380664,0.6979929,0.0,0.7441532
0.5714286,0.625,0.21080935,0.6979929,0.0,0.7098409
0.3529412,0.61538464,0.13644214,0.48818943,0.0,0.7044462
0.6666667,0.7058824,0.37521872,0.8454574,0.0,0.9356165
0.875,0.90909094,1.2496876,0.93355006,0.725685,0.9979369
0.6084501,0.5263158,0.14722663,0.70997834,0.0,0.114624165
0.5714286,0.85714287,0.055552468,0.54817337,0.0,0.9999489
0.6,0.85714287,0.45468593,0.7092385,0.0,0.6427098
0.4827586,0.53333336,0.32208526,0.61964977,0.0,0.8218413
0.69285846,0.625,0.550045,0.69962245,0.0,0.82915825
0.3,0.46153846,0.10005999,0.4283754,0.0,0.21879679
0.42105263,0.5714286,0.25778422,0.6862075,0.0,0.583038
0.625,0.7912988,0.3332963,0.82999104,0.4816484,0.95846117
0.71428573,0.8333333,1.1666111,0.8648034,0.42692676,0.7188196
0.71428573,0.8333333,1.1666111,0.8648034,0.42692676,0.7188196
1.0,1.0,5000.0,1.0,1.0,1.0
0.44444445,0.54545456,0.14058577,0.5836657,0.0,0.7319648
0.5263158,0.6666667,0.4999375,0.6964357,0.0,0.91352767
0.7939704,0.72727275,1.20016,0.88895404,0.49731448,0.93919593
0.56105334,0.4,0.17024967,0.6043777,0.0,0.97495496
0.43093506,0.33333334,0.03483754,0.47404227,0.0,0.4483481
0.53438544,0.6,0.307476,0.65675086,0.0,0.25115442
0.625,0.72727275,0.25021872,0.73333335,0.0,0.67831975
0.93333334,1.0,0.79984003,0.9486691,0.54730177,1.0
0.6666667,0.8,0.75004166,0.8411243,0.31218573,0.9928013
0.5909664,0.61538464,0.13619423,0.5643554,0.0,0.37452188
0.6956522,0.71428573,1.0714184,0.7753117,0.5456128,1.0
0.875,0.85714287,2.9985008,0.8791146,0.8629898,1.0
0.64081985,0.72727275,0.1666574,0.8775021,0.0,0.98780453
0.5714286,0.85714287,0.9998572,0.85714287,0.32297,0.6246962
0.8695652,0.875,2.9990003,0.8542464,0.6829984,1.0
0.47058824,0.5864537,0.2727025,0.41360235,0.0,0.08437744
0.61394113,0.61538464,0.18977396,0.6906062,0.0,0.21548276
0.3809524,0.46153846,0.027831787,0.5673975,0.0,0.04382406
0.5,0.61538464,0.15008499,0.6859508,0.0,0.3608893
0.64,0.7058824,0.29410034,0.80995935,0.44555613,0.39768082
0.6363636,0.8,0.105257615,0.9407791,0.0,0.9406944
0.6666667,0.90909094,0.11109877,0.7688276,0.0,1.0
0.75712144,0.6,0.18198346,0.6432671,0.0,0.27278796
0.5714286,0.71428573,0.34620413,0.7946471,0.0,0.9592182
0.6363636,0.8333333,0.5719183,0.6683996,0.29431105,0.96392816
0.6,0.61538464,0.27288428,0.66833496,0.0,0.33746767
0.72727275,0.8333333,0.37505206,0.6274381,0.250518,0.22491206
0.7777778,0.80356014,0.9166806,0.7505859,0.5636826,0.6647717
0.7368421,0.72727275,1.1997601,0.8231021,0.64832705,0.8151542
0.6666667,0.61538464,0.7857449,0.74035466,0.47987822,0.2764252
0.95238096,0.9230769,8.991009,0.9375,0.946577,1.0
0.5882353,0.72727275,0.16665278,0.7387106,0.32287857,0.44018477
0.5882353,0.72727275,0.16665278,0.7387106,0.32287857,0.44018477
0.8888889,0.8888889,3.998001,0.9166667,0.8930377,0
0.7692308,0.8888889,0.2858163,0.8333333,0.0,1.0
0.64,0.71428573,0.09148667,0.58753854,0.24087662,0.6476736
0.29674363,0.72727275,0.08332639,0.4407737,0.0,0.05183519
0.46424913,0.4,0.27288428,0.5199196,0.0,0.20301269
0.5833333,0.5714286,0.45450413,0.6563769,0.35823274,0.26521584
